ICOUNT,MIN,AVG,MAX
16,110.10,112.92,150.25
17,110.24,110.44,110.72
18,94.63,104.26,111.71
19,94.68,94.91,95.64
20,94.57,94.83,95.23
21,94.47,94.96,96.11
22,94.64,95.06,95.39
23,94.91,95.12,96.11
24,94.98,95.20,95.37
25,95.05,95.24,95.47
26,95.16,95.30,96.19
27,95.09,95.24,95.45
28,95.16,95.44,95.61
29,95.29,95.46,95.62
30,95.24,95.43,96.33
31,95.31,95.49,95.65
32,95.47,95.67,95.89
33,95.63,95.78,95.95
34,95.34,95.67,95.89
35,95.63,95.77,96.63
36,95.58,95.93,98.34
37,94.61,95.72,97.00
38,95.45,95.67,96.05
39,95.78,96.01,96.48
40,95.78,96.10,96.35
41,95.85,96.08,96.35
42,96.13,96.32,97.21
43,96.05,96.24,96.44
44,95.92,96.15,96.43
45,96.13,96.28,96.39
46,96.04,96.29,96.48
47,96.04,96.23,96.35
48,95.91,96.10,96.31
49,95.97,96.16,96.32
50,96.20,96.44,96.66
51,96.65,96.99,98.15
52,96.66,97.20,98.78
53,96.47,96.72,97.13
54,96.49,96.72,97.03
55,96.49,96.66,96.81
56,96.45,96.64,96.88
57,96.45,96.67,96.86
58,96.38,96.69,96.86
59,96.52,96.74,96.93
60,96.40,96.66,96.85
61,96.46,96.70,96.90
62,96.52,96.68,97.59
63,96.46,96.74,96.96
64,96.46,96.72,96.93
65,96.50,96.72,96.94
66,96.32,96.82,98.00
67,96.45,96.84,97.96
68,96.64,97.14,100.58
69,96.74,96.96,97.15
70,97.22,97.59,97.76
71,97.73,97.90,98.05
72,97.73,97.97,98.16
73,97.76,97.97,98.14
74,97.73,97.92,98.13
75,97.87,97.99,98.19
76,97.81,98.04,99.00
77,97.80,98.02,98.22
78,97.81,98.06,98.27
79,97.81,98.04,98.20
80,98.00,98.18,98.34
81,97.87,98.13,98.34
82,97.89,98.12,98.34
83,97.89,98.12,98.28
84,97.93,98.11,98.27
85,98.01,98.18,98.32
86,98.07,98.18,98.31
87,98.07,98.19,98.34
88,97.98,98.20,98.35
89,98.05,98.18,98.28
90,98.03,98.18,98.37
91,97.97,98.12,98.34
92,97.81,98.13,98.30
93,97.93,98.13,98.29
94,97.87,98.13,98.33
95,97.80,98.14,98.87
96,98.06,98.24,98.45
97,98.07,98.23,98.40
98,98.03,98.23,98.34
99,98.04,98.20,98.38
100,97.93,98.19,98.36
101,98.02,98.23,98.38
102,98.00,98.22,98.37
103,98.02,98.28,99.05
104,98.14,98.30,98.49
105,98.07,98.26,98.43
106,97.93,98.21,98.34
107,97.99,98.17,98.44
108,97.96,98.12,98.43
109,97.97,98.15,98.35
110,98.07,98.21,98.36
111,98.03,98.19,98.39
112,97.93,98.14,98.27
113,98.00,98.15,98.32
114,98.27,98.49,98.71
115,98.77,98.93,99.08
116,99.21,99.46,99.68
117,99.72,99.94,100.10
118,100.74,101.28,103.64
119,100.75,100.97,101.97
120,100.55,100.84,101.16
121,100.74,100.97,101.24
122,100.82,100.98,101.17
123,100.73,100.99,101.17
124,100.82,100.98,101.10
125,100.85,101.05,101.37
126,100.87,101.06,101.36
127,100.89,101.10,101.25
128,100.76,101.11,101.44
129,100.76,101.03,101.29
130,100.82,101.04,101.23
131,100.96,101.14,101.29
132,100.97,101.44,102.39
133,101.08,101.33,102.30
134,100.82,101.05,101.23
135,100.89,101.07,101.23
136,100.82,101.07,101.32
137,100.91,101.09,101.29
138,100.96,101.14,101.29
139,100.89,101.07,101.24
140,100.87,101.08,101.30
141,100.89,101.11,101.30
142,100.96,101.17,101.36
143,100.99,101.19,101.32
144,100.96,101.17,101.33
145,101.00,101.19,101.43
146,101.07,101.45,102.46
147,101.15,101.49,102.30
148,101.14,101.38,101.66
149,101.18,101.35,101.64
150,101.22,101.48,102.39
151,101.32,101.52,101.71
152,101.28,101.49,101.78
153,101.15,101.36,101.63
154,101.16,101.37,101.63
155,101.23,101.36,101.61
156,101.23,101.42,101.59
157,101.09,101.37,101.63
158,101.14,101.37,101.63
159,101.27,101.47,101.70
160,101.27,101.44,101.64
161,101.28,101.49,101.71
162,101.09,101.43,101.70
163,101.24,101.44,101.63
164,101.16,101.40,101.63
165,101.33,101.64,101.99
166,101.41,101.70,102.03
167,101.36,101.69,101.91
168,101.36,101.60,101.88
169,101.31,101.65,101.91
170,101.48,101.73,101.98
171,101.63,101.86,102.10
172,101.71,101.97,102.12
173,101.94,102.09,102.24
174,102.17,102.27,102.44
175,102.52,102.71,102.91
176,104.05,104.22,104.39
177,105.25,105.47,105.77
178,105.47,105.69,105.86
179,105.51,105.80,106.26
180,105.67,106.05,106.28
181,105.86,106.20,106.42
182,106.07,106.31,106.48
183,106.32,106.45,106.81
184,106.34,106.56,106.78
185,106.47,106.72,107.02
186,106.66,106.85,107.07
187,106.86,107.00,107.26
188,106.94,107.14,107.37
189,107.01,107.30,108.21
190,107.20,107.40,107.74
191,107.40,107.61,107.78
192,107.60,107.83,107.98
193,107.74,108.04,108.50
194,107.94,108.16,108.55
195,108.15,108.77,111.62
196,108.47,108.76,110.18
197,108.38,108.75,109.02
198,108.32,108.71,109.01
199,108.54,108.85,109.16
200,108.82,109.06,109.52
201,108.92,109.25,109.66
202,109.06,109.39,109.72
203,109.29,109.54,109.76
204,109.53,109.75,109.90
205,109.50,109.79,110.09
206,109.74,109.93,110.13
207,109.94,110.20,110.44
208,110.10,110.65,111.68
209,110.33,110.71,111.56
210,110.55,110.87,111.17
211,110.77,110.97,111.17
212,110.84,111.16,111.44
213,111.11,111.34,111.51
214,111.29,111.40,111.64
215,111.24,111.48,111.71
216,111.37,111.59,111.78
217,111.55,111.77,112.05
218,111.91,112.11,112.30
219,112.12,112.31,112.59
220,112.15,112.43,112.70
221,112.47,112.84,113.81
222,112.56,112.83,113.18
223,112.65,112.88,113.14
224,112.61,112.93,113.33
225,112.64,113.02,113.28
226,112.92,113.17,113.43
227,113.06,113.28,113.59
228,113.12,113.40,113.69
229,113.26,113.62,114.17
230,113.93,114.11,114.34
231,113.93,114.23,114.50
232,114.33,114.59,114.94
233,114.40,114.68,114.97
234,114.56,114.82,115.17
235,114.75,115.01,115.23
236,114.97,115.18,116.23
237,115.01,115.22,115.41
238,115.16,115.38,115.68
239,115.29,115.48,115.66
240,115.40,115.55,115.81
241,115.43,115.70,115.89
242,115.68,115.92,116.20
243,115.73,116.01,116.22
244,115.88,116.12,116.29
245,116.02,116.25,116.48
246,116.18,116.44,116.78
247,116.45,116.67,116.93
248,116.59,116.81,117.09
249,116.72,116.86,117.09
250,116.79,117.00,117.26
251,116.99,117.21,117.49
252,116.98,117.27,117.52
253,117.10,117.54,117.83
254,117.46,117.83,118.21
255,117.83,118.01,118.19
256,118.03,118.24,118.47
