ICOUNT,MIN,AVG,MAX
16,108.29,111.05,144.87
17,108.35,108.60,108.89
18,93.81,108.19,110.29
19,92.27,92.62,93.59
20,92.47,92.63,92.86
21,92.42,92.62,93.55
22,92.35,92.60,92.84
23,92.62,92.79,93.73
24,92.76,93.35,95.37
25,92.50,92.87,93.61
26,92.80,92.96,93.88
27,92.76,92.95,93.19
28,92.90,93.06,93.25
29,93.09,93.24,93.44
30,93.03,93.21,93.42
31,92.96,93.19,94.24
32,92.96,93.17,93.33
33,92.93,93.11,93.31
34,92.97,93.14,93.30
35,92.88,93.09,93.23
36,93.37,93.64,94.64
37,93.69,93.84,93.98
38,93.47,93.78,93.99
39,93.63,93.90,94.90
40,93.73,94.07,95.24
41,93.74,93.91,94.03
42,93.59,93.82,94.03
43,93.77,93.96,94.78
44,93.63,93.89,94.18
45,93.77,93.95,94.12
46,93.71,93.93,94.17
47,93.68,93.94,94.14
48,93.83,94.01,94.24
49,93.90,94.10,94.37
50,94.55,94.76,94.97
51,94.77,94.98,95.94
52,94.71,94.92,95.18
53,94.80,94.97,95.18
54,94.71,94.93,95.11
55,94.68,94.91,95.04
56,94.70,94.88,95.11
57,94.57,94.93,95.24
58,94.84,95.03,95.24
59,94.73,94.93,95.08
60,94.77,95.05,95.21
61,94.82,95.00,95.31
62,94.84,95.04,95.24
63,94.66,94.96,95.80
64,94.76,94.96,95.16
65,94.68,95.01,95.31
66,94.80,95.07,95.29
67,94.87,95.15,95.31
68,94.84,95.07,95.25
69,94.80,95.01,95.24
70,94.84,95.10,95.31
71,95.02,95.18,95.33
72,94.99,95.19,95.38
73,94.97,95.17,95.25
74,94.98,95.19,95.32
75,94.84,95.07,95.24
76,94.84,95.03,95.24
77,94.69,94.97,95.19
78,94.77,95.09,95.99
79,94.77,94.98,95.14
80,94.72,94.94,95.11
81,94.84,95.10,95.38
82,96.12,96.38,96.69
83,97.09,97.26,97.45
84,97.48,97.65,97.89
85,97.62,97.88,98.10
86,97.65,97.91,98.15
87,97.78,97.96,98.14
88,97.80,97.99,98.14
89,97.66,97.89,98.13
90,97.75,97.93,98.17
91,97.80,98.02,98.20
92,97.78,97.93,98.08
93,97.81,98.48,100.41
94,97.67,97.89,98.14
95,97.73,97.93,98.11
96,97.76,97.94,98.14
97,97.66,97.90,98.79
98,97.71,97.90,98.20
99,97.76,97.95,98.14
100,97.72,97.92,98.09
101,97.80,98.06,98.27
102,97.86,98.05,98.24
103,97.82,98.00,98.14
104,97.82,98.01,98.24
105,97.80,98.00,98.20
106,97.80,98.05,98.24
107,97.94,98.28,99.03
108,98.06,98.40,99.35
109,98.07,98.30,98.51
110,98.07,98.30,98.48
111,98.06,98.25,98.45
112,98.07,98.28,98.45
113,98.07,98.30,98.52
114,98.16,98.34,98.56
115,98.14,98.31,98.49
116,98.04,98.32,98.49
117,98.12,98.32,98.50
118,98.16,98.37,98.54
119,98.16,98.35,98.54
120,98.26,98.43,98.63
121,98.40,98.61,99.41
122,99.02,99.57,100.76
123,100.54,100.85,101.09
124,101.41,101.73,102.03
125,102.83,103.03,103.18
126,103.41,103.64,103.87
127,103.63,103.89,104.12
128,103.71,104.07,104.40
129,104.39,104.67,104.89
130,104.81,105.04,105.36
131,104.83,105.03,105.25
132,105.06,105.23,105.43
133,105.39,105.63,105.86
134,105.68,105.91,106.18
135,105.76,106.01,106.23
136,105.73,105.95,106.16
137,105.46,105.76,105.94
138,105.59,105.80,106.00
139,105.77,105.97,106.21
140,106.17,106.43,106.67
141,106.31,106.50,106.74
142,106.32,106.54,106.75
143,106.48,106.69,106.89
144,106.38,106.73,106.95
145,106.77,106.95,107.25
146,107.18,107.37,107.61
147,107.71,107.93,108.15
148,108.04,108.33,108.61
149,108.36,108.57,108.81
150,108.28,108.52,109.37
151,108.43,108.70,108.89
152,108.56,108.81,109.02
153,108.73,109.00,109.33
154,108.76,109.05,109.33
155,108.82,109.06,109.33
156,108.68,109.13,109.40
157,109.15,109.34,109.57
158,109.33,109.63,109.83
159,109.56,109.73,110.03
160,109.52,109.91,110.20
161,109.64,110.02,110.27
162,109.84,110.24,110.46
163,110.30,110.49,110.70
164,110.57,110.83,111.11
165,110.78,111.09,111.38
166,111.04,111.25,111.51
167,110.92,111.26,111.44
168,110.98,111.21,111.51
169,111.05,111.75,114.69
170,111.46,111.75,112.80
171,111.90,112.06,112.27
172,112.32,112.53,112.79
173,113.03,113.40,113.73
174,113.15,113.40,113.62
175,113.12,113.40,113.63
176,113.33,113.51,113.77
177,113.45,113.65,113.90
178,113.45,113.79,114.10
179,113.62,113.82,114.12
180,113.53,113.70,113.97
181,113.51,113.78,114.01
182,113.95,114.45,115.72
183,114.07,114.36,115.53
184,114.15,114.35,114.63
185,114.23,114.50,114.87
186,114.22,114.43,115.28
187,114.31,114.51,114.87
188,114.47,114.69,114.93
189,114.60,114.89,115.17
190,114.94,115.10,115.42
191,115.25,115.42,115.59
192,115.43,115.66,115.88
193,115.55,115.77,116.06
194,115.48,115.88,116.86
195,115.76,116.08,116.51
196,115.78,116.02,116.28
197,115.77,116.21,116.40
198,116.05,116.30,116.49
199,116.09,116.33,116.55
200,116.19,116.39,116.62
201,116.35,116.52,116.80
202,116.45,116.64,116.89
203,116.80,117.02,117.35
204,117.03,117.27,117.47
205,117.14,117.35,117.61
206,117.16,117.49,117.69
207,117.40,117.56,117.79
208,117.37,117.60,117.93
209,117.56,117.79,117.98
210,117.47,117.85,118.17
211,117.65,118.03,118.35
212,118.10,118.36,118.63
213,118.84,119.09,119.31
214,119.28,119.48,119.69
215,119.91,120.14,120.42
216,120.28,120.59,120.79
217,120.38,120.74,121.26
218,120.77,120.98,121.28
219,120.85,121.13,121.38
220,121.06,121.32,121.58
221,121.40,121.64,121.93
222,121.76,122.06,122.54
223,122.04,122.27,122.47
224,122.15,122.38,122.67
225,122.20,122.62,122.85
226,122.47,122.73,123.03
227,122.65,122.94,123.12
228,122.91,123.16,123.48
229,123.16,123.32,123.66
230,123.19,123.41,124.28
231,123.14,123.36,123.59
232,123.32,123.52,123.70
233,123.48,123.73,123.93
234,123.68,123.94,124.15
235,123.93,124.16,124.48
236,124.24,124.63,127.04
237,124.49,124.98,125.81
238,124.65,124.91,125.22
239,124.95,125.47,127.56
240,125.22,125.52,125.73
241,125.86,126.09,126.33
242,127.09,127.61,128.01
243,129.04,129.54,129.92
244,134.14,134.85,135.51
245,131.61,132.20,132.61
246,143.84,144.73,145.47
247,155.85,157.83,159.96
248,168.49,169.81,171.41
249,176.19,177.62,178.62
250,178.92,179.96,180.81
251,184.79,186.11,186.89
252,189.65,190.28,190.76
253,190.63,191.00,191.30
254,190.96,191.26,191.57
255,191.13,191.70,193.46
256,191.70,192.09,192.37
257,192.48,192.85,193.18
258,193.04,193.33,193.63
259,192.84,193.07,193.40
260,192.70,192.95,193.22
261,193.64,193.99,194.29
262,194.12,194.41,194.86
263,193.51,193.86,194.19
264,193.55,193.96,194.21
265,194.05,194.26,194.46
266,194.25,194.55,194.87
267,193.85,194.24,194.63
268,194.05,194.39,194.78
269,193.98,194.27,194.65
270,193.65,193.98,194.36
271,193.61,193.91,194.22
272,193.72,194.01,194.70
273,193.85,194.11,194.42
274,193.56,193.80,194.02
275,193.60,193.98,194.32
276,193.89,194.31,194.68
277,194.22,194.50,194.75
278,194.12,194.41,194.64
279,194.32,194.59,194.86
280,194.75,195.01,195.22
281,194.55,195.56,198.32
282,196.04,196.42,198.02
283,195.97,196.33,196.67
284,195.88,196.29,196.67
285,195.57,195.92,196.23
286,195.40,195.71,196.15
287,195.32,195.56,195.85
288,195.34,195.74,197.11
289,195.72,197.83,202.34
290,197.16,197.49,197.75
291,197.29,197.80,198.32
292,197.48,197.94,198.42
293,197.90,198.39,198.82
294,197.95,198.34,198.84
295,198.53,198.89,199.23
296,198.75,199.38,200.61
297,199.15,199.48,199.81
298,198.89,199.29,199.63
299,199.25,199.55,199.90
300,198.89,199.45,199.90
301,198.89,199.40,199.66
302,199.29,199.55,199.86
303,199.45,199.75,200.13
304,199.53,199.78,200.08
305,199.47,199.80,200.23
306,199.54,199.75,200.10
307,199.23,199.55,199.87
308,198.89,199.41,199.77
309,199.00,199.37,199.72
310,198.96,199.24,199.56
311,198.89,199.28,199.74
312,199.00,199.39,200.55
313,199.30,199.62,199.93
314,199.45,199.83,200.13
315,199.63,200.10,200.50
316,199.77,200.18,200.60
317,199.86,200.31,200.64
318,200.00,200.34,200.57
319,200.00,200.33,200.64
320,199.83,200.32,200.74
321,200.17,201.24,204.58
322,200.91,201.36,202.86
323,200.91,201.17,201.55
324,201.18,201.50,201.90
325,201.38,201.75,202.22
326,201.53,201.87,202.17
327,201.84,202.08,202.32
328,201.92,202.86,206.47
329,203.09,203.87,205.27
330,203.15,203.50,203.88
331,203.02,203.43,203.80
332,202.86,203.34,203.76
333,202.82,203.20,203.53
334,202.69,202.96,203.33
335,202.65,203.17,204.58
336,203.19,205.33,207.51
337,204.12,204.51,204.88
338,204.19,204.52,204.90
339,204.31,204.67,205.16
340,204.54,204.93,205.20
341,205.15,205.68,206.32
342,205.69,206.06,206.49
343,206.42,206.79,207.29
344,206.76,207.06,207.36
345,206.98,207.45,207.88
346,206.98,207.44,207.72
347,207.11,207.46,207.91
348,207.09,207.46,207.88
349,207.05,207.33,207.66
350,206.69,207.31,207.77
351,206.93,207.26,208.02
352,206.95,207.38,207.78
353,207.09,207.46,207.75
354,207.29,207.65,208.04
355,207.43,207.66,207.98
356,207.09,207.52,207.92
357,207.13,207.46,207.72
358,206.87,207.25,207.66
359,206.94,207.25,207.66
360,206.75,208.16,210.42
361,208.02,208.50,208.92
362,208.12,208.41,208.71
363,208.29,208.59,208.97
364,208.20,208.61,208.95
365,208.58,208.94,209.36
366,208.64,208.99,209.50
367,208.60,209.42,210.99
368,208.48,208.83,209.20
369,208.55,208.89,209.21
370,208.63,208.94,209.29
371,208.50,208.86,209.24
372,208.37,208.74,209.10
373,208.57,208.87,209.18
374,208.66,209.18,210.52
375,208.82,209.25,209.69
376,209.13,209.52,210.05
377,209.49,209.73,210.13
378,209.93,210.34,210.61
379,210.40,210.69,210.94
380,210.74,211.17,211.53
381,211.01,211.37,211.80
382,211.47,211.81,212.10
383,211.60,211.92,212.33
384,211.74,212.01,212.33
385,211.65,211.96,212.27
386,211.66,211.97,212.34
387,211.60,212.04,212.60
388,211.67,212.02,212.33
389,211.93,212.18,213.09
390,211.88,212.19,212.48
391,211.86,212.13,212.67
392,211.85,212.22,212.65
393,212.00,212.36,212.83
394,212.04,212.44,212.81
395,212.20,212.61,212.98
396,212.27,212.60,212.91
397,212.44,212.77,213.28
398,214.42,215.60,219.53
399,214.41,214.82,215.15
400,214.14,214.66,215.15
[1;34m[likwid-pin] Main PID -> hwthread 0 - OK[0m
