ICOUNT,MIN,AVG,MAX
16,92.17,93.49,108.82
17,92.22,92.39,92.61
18,92.24,92.47,93.07
19,92.31,92.48,93.22
20,92.38,92.58,92.78
21,92.45,92.72,94.25
22,92.37,92.55,92.73
23,92.63,92.93,94.35
24,92.57,92.72,92.85
25,92.56,92.75,93.41
26,92.56,92.72,92.93
27,92.59,92.75,92.88
28,92.93,93.08,93.23
29,92.90,93.03,93.81
30,92.90,93.03,93.18
31,92.86,93.04,93.16
32,92.84,93.03,93.20
33,92.82,93.02,93.69
34,92.94,93.09,93.24
35,93.34,93.65,94.84
36,93.45,93.61,93.79
37,93.38,93.66,94.91
38,93.25,93.49,93.67
39,93.35,93.46,94.10
40,93.30,93.49,93.64
41,93.40,93.51,93.63
42,93.36,93.52,93.64
43,93.28,93.45,93.64
44,93.34,93.46,93.58
45,93.31,93.53,93.72
46,93.32,93.56,94.35
47,93.37,93.50,93.64
48,93.32,93.60,93.82
49,94.09,94.36,95.59
50,94.15,94.38,94.57
51,94.23,94.36,94.51
52,94.22,94.46,94.64
53,94.26,94.48,94.61
54,94.29,94.53,94.79
55,94.41,94.56,94.70
56,94.41,94.59,95.29
57,94.31,94.51,94.69
58,94.40,94.53,94.70
59,94.43,94.61,94.78
60,94.46,94.64,94.81
61,94.46,94.57,94.74
62,94.45,94.61,94.74
63,94.43,94.60,94.74
64,94.40,94.59,94.75
65,94.39,94.57,94.75
66,94.39,94.55,94.69
67,94.39,94.57,94.75
68,94.48,94.63,95.25
69,94.42,94.65,94.90
70,94.41,94.59,94.78
71,94.51,94.64,94.85
72,94.48,94.62,94.78
73,94.45,94.60,94.76
74,94.47,94.63,94.77
75,94.47,94.62,94.79
76,94.47,94.61,94.75
77,94.45,94.60,94.77
78,94.48,94.69,94.82
79,94.51,94.66,94.82
80,96.65,96.93,97.24
81,97.60,97.81,98.03
82,97.85,98.06,98.23
83,97.92,98.08,98.25
84,97.89,98.12,98.70
85,97.89,98.04,98.17
86,97.94,98.10,98.31
87,97.83,98.10,98.29
88,97.86,98.06,98.21
89,97.95,98.10,98.29
90,97.92,98.12,98.23
91,97.93,98.18,99.29
92,97.89,98.11,98.32
93,97.93,98.21,99.61
94,97.86,98.06,98.20
95,97.82,98.05,98.21
96,97.97,98.14,98.26
97,97.89,98.09,98.30
98,97.82,98.05,98.23
99,97.88,98.03,98.18
100,97.89,98.06,98.27
101,97.99,98.10,98.24
102,97.80,98.06,98.23
103,97.90,98.06,98.21
104,97.90,98.24,99.70
105,97.90,98.22,98.56
106,98.08,98.36,99.35
107,97.96,98.20,98.33
108,98.03,98.18,98.36
109,98.04,98.20,98.44
110,98.03,98.23,98.46
111,98.03,98.24,98.40
112,98.02,98.23,98.38
113,98.04,98.21,98.42
114,97.96,98.20,98.79
115,98.06,98.18,98.35
116,98.10,98.25,98.44
117,98.08,98.25,98.42
118,98.23,98.46,99.48
119,98.49,98.84,99.11
120,99.58,99.92,100.21
121,100.52,101.12,101.45
122,101.64,101.86,102.07
123,101.83,101.96,102.08
124,101.83,102.01,102.17
125,101.96,102.08,102.19
126,102.03,102.19,102.39
127,102.11,102.31,102.52
128,102.25,102.41,102.57
129,102.30,102.46,102.63
130,102.43,102.57,103.29
131,102.51,102.67,102.83
132,102.58,102.71,102.89
133,102.61,102.79,102.90
134,102.72,102.87,103.03
135,102.82,102.95,103.13
136,102.79,103.00,103.14
137,102.97,103.14,103.30
138,103.06,103.24,103.38
139,103.10,103.28,103.44
140,103.24,103.42,103.55
141,103.32,103.53,103.69
142,103.46,103.58,103.76
143,103.55,103.69,103.84
144,103.63,103.81,103.96
145,103.65,103.87,104.01
146,103.76,103.95,104.13
147,103.81,104.03,104.19
148,104.01,104.16,104.28
149,104.08,104.25,104.40
150,104.24,104.37,104.52
151,104.19,104.39,104.53
152,104.26,104.46,104.63
153,104.42,104.57,104.73
154,104.47,104.68,104.84
155,104.65,104.81,106.10
156,104.72,104.91,106.78
157,104.91,105.07,105.24
158,104.87,105.36,107.60
159,105.03,105.18,105.33
160,105.10,105.26,105.37
161,105.12,105.34,105.53
162,105.28,105.49,108.17
163,105.35,105.57,106.17
164,105.51,105.67,105.85
165,105.64,105.79,105.95
166,105.73,105.91,106.07
167,105.86,106.03,106.19
168,106.01,106.15,106.39
169,106.17,106.46,109.00
170,106.20,106.38,106.66
171,106.20,106.63,109.67
172,106.21,106.41,106.64
173,106.42,106.54,106.70
174,106.40,106.57,109.43
175,106.54,106.67,106.80
176,106.59,106.77,106.90
177,106.75,106.87,107.02
178,106.81,106.94,107.10
179,106.81,106.98,107.18
180,106.91,107.10,107.25
181,106.99,107.33,109.63
182,107.13,107.30,107.47
183,107.27,107.42,107.67
184,107.32,107.49,107.65
185,107.37,107.55,107.73
186,107.51,107.66,107.82
187,107.53,107.72,107.87
188,107.63,107.78,107.99
189,107.69,107.83,108.02
190,107.81,107.95,108.13
191,107.91,108.08,108.26
192,108.02,108.18,108.33
193,108.10,108.23,108.38
194,108.21,108.39,108.51
195,108.35,108.54,108.70
196,108.48,108.62,108.80
197,108.62,108.77,108.93
198,108.70,108.92,110.67
199,108.81,109.01,109.17
200,109.10,109.21,109.35
201,109.16,109.31,109.56
202,109.26,109.42,109.57
203,109.38,109.57,110.30
204,109.43,109.63,109.82
205,109.43,109.64,109.82
206,109.54,109.73,109.89
207,109.72,109.89,110.06
208,109.87,109.99,110.15
209,109.96,110.11,110.26
210,110.12,110.23,110.42
211,110.10,110.34,112.11
212,110.25,110.45,110.62
213,110.47,110.60,110.76
214,110.62,110.77,110.92
215,110.72,110.89,111.05
216,110.85,110.97,111.12
217,110.86,111.04,111.24
218,111.08,111.38,113.68
219,111.28,111.49,111.60
220,111.36,111.70,115.52
221,111.53,111.69,111.83
222,111.61,111.76,111.96
223,111.72,111.87,111.97
224,111.83,112.00,112.16
225,112.01,112.11,112.26
226,112.04,112.16,112.42
227,112.10,112.27,112.36
228,112.21,112.38,112.51
229,112.33,112.46,113.33
230,112.41,112.74,115.99
231,113.09,113.90,118.43
232,113.44,114.09,114.67
233,115.47,116.66,117.93
234,117.41,118.01,120.35
235,116.25,117.51,119.13
236,120.28,121.41,122.18
237,123.72,128.41,132.56
238,128.74,131.70,134.31
239,142.06,145.81,147.52
240,158.38,162.74,165.83
241,170.21,179.73,185.17
242,176.76,185.74,189.27
243,188.14,189.20,189.74
244,187.75,189.46,189.77
245,188.37,189.66,189.91
246,189.57,189.76,190.10
247,189.67,189.87,190.08
248,189.89,190.11,190.86
249,190.02,190.20,190.37
250,189.93,190.19,190.48
251,190.13,190.36,190.64
252,190.24,190.45,190.68
253,190.41,190.56,190.80
254,190.37,190.65,190.96
255,190.63,190.82,191.18
256,190.56,190.82,191.02
257,190.88,191.09,193.83
258,190.82,191.02,191.25
259,190.91,191.18,191.42
260,191.05,191.24,191.45
261,191.09,191.44,193.49
262,191.30,191.82,195.30
263,191.34,191.52,191.86
264,191.42,191.61,191.82
265,191.54,191.74,192.05
266,191.39,191.73,192.02
267,191.55,191.78,191.94
268,191.68,192.21,195.02
269,191.89,192.47,195.95
270,191.97,192.16,192.36
271,192.00,192.28,192.47
272,192.14,192.35,192.61
273,192.23,192.43,192.62
274,192.33,192.52,192.67
275,192.25,192.79,195.87
276,192.51,192.74,192.95
277,192.54,192.78,194.87
278,192.50,192.76,192.95
279,192.66,192.87,193.07
280,192.76,192.96,193.20
281,192.86,193.06,193.35
282,192.89,193.10,193.41
283,192.88,193.12,193.90
284,193.03,193.21,193.41
285,193.12,193.37,193.59
286,193.30,193.50,193.72
287,193.33,193.57,193.75
288,193.37,193.66,193.99
289,193.51,193.79,194.03
290,193.65,193.89,194.10
291,193.78,193.98,195.66
292,193.75,193.98,194.18
293,193.89,194.08,194.29
294,193.89,194.09,194.32
295,194.00,194.19,194.45
296,194.34,194.72,196.76
297,194.30,194.84,198.71
298,194.52,194.71,194.97
299,194.57,194.84,195.08
300,194.56,194.83,195.06
301,194.69,194.89,195.10
302,194.80,195.26,198.17
303,195.03,195.56,199.38
304,194.98,195.16,195.50
305,195.03,195.24,195.54
306,195.08,195.27,195.50
307,195.11,195.32,195.56
308,195.22,195.48,198.62
309,195.34,195.73,198.45
310,195.52,195.71,195.87
311,195.59,195.77,196.01
312,195.61,195.80,196.04
313,195.69,195.90,196.16
314,195.71,195.95,196.16
315,195.86,196.08,196.35
316,195.95,196.17,196.35
317,196.08,196.29,196.79
318,196.14,196.33,196.50
319,196.27,196.55,199.48
320,196.40,196.61,196.92
321,196.45,196.69,196.91
322,196.51,196.73,196.93
323,196.72,196.91,197.15
324,196.58,196.92,197.14
325,196.87,197.10,197.35
326,196.88,197.16,197.33
327,197.03,197.26,197.42
328,197.13,197.33,197.59
329,197.29,197.56,199.39
330,197.67,198.16,202.21
331,197.51,197.68,197.92
332,197.55,197.75,198.19
333,197.72,197.93,198.17
334,197.85,198.13,201.18
335,197.95,198.20,198.44
336,198.05,198.60,202.09
337,198.37,198.90,203.59
338,198.23,198.45,198.92
339,198.37,198.53,198.75
340,198.47,198.66,198.83
341,198.65,198.81,199.06
342,198.53,198.78,198.95
343,198.75,199.17,203.13
344,198.76,198.99,199.22
345,198.92,199.17,199.45
346,198.93,199.13,199.30
347,199.10,199.28,199.49
348,199.15,199.35,199.59
349,199.24,199.43,199.71
350,199.35,199.62,200.35
351,199.62,199.84,203.22
352,199.59,199.82,200.21
353,199.67,199.94,200.15
354,199.68,199.88,200.49
355,199.70,199.96,200.19
356,199.79,200.13,200.41
357,200.00,200.24,200.46
358,200.08,200.24,200.39
359,200.07,200.33,200.48
360,200.16,200.43,200.64
361,200.31,200.60,201.84
362,200.46,200.67,200.83
363,200.68,201.04,203.56
364,200.60,201.10,205.73
365,200.60,200.86,201.16
366,200.78,200.97,201.22
367,200.95,201.15,201.38
368,201.10,201.25,201.45
369,201.16,201.74,205.76
370,201.18,201.94,206.14
371,201.32,201.54,201.77
372,201.42,201.59,201.79
373,201.46,201.79,205.04
374,201.45,201.80,202.02
375,201.62,201.86,202.06
376,201.80,202.30,206.38
377,201.89,202.11,202.32
378,201.89,202.14,202.43
379,201.89,202.18,202.42
380,202.15,202.37,202.55
381,202.30,202.54,203.34
382,202.39,202.61,202.81
383,202.57,202.74,203.48
384,202.65,202.79,203.00
385,202.59,202.82,203.52
386,202.76,203.00,205.30
387,203.01,203.19,203.41
388,203.15,203.33,203.51
389,203.20,203.51,206.51
390,203.29,203.58,206.67
391,203.25,203.47,203.72
392,203.54,203.75,203.95
393,203.64,203.86,204.08
394,203.76,203.96,204.23
395,203.93,204.21,206.74
396,204.30,204.73,209.59
397,203.92,204.27,204.56
398,204.15,204.48,207.63
399,204.52,204.75,204.96
400,204.62,204.81,205.04
[1;34m[likwid-pin] Main PID -> hwthread 0 - OK[0m
