ICOUNT,MIN,AVG,MAX
16,91.76,93.40,111.21
17,91.71,91.92,93.34
18,91.71,91.88,92.58
19,91.70,91.86,92.48
20,91.69,91.91,92.08
21,91.55,91.85,92.50
22,91.72,91.90,92.08
23,91.68,91.86,92.50
24,91.61,91.80,91.99
25,91.66,91.85,92.41
26,91.63,91.85,91.96
27,91.73,91.85,92.01
28,91.86,91.98,92.13
29,91.78,92.01,92.67
30,91.82,91.97,92.12
31,91.83,91.98,92.36
32,91.87,92.08,92.30
33,91.92,92.10,92.69
34,91.91,92.04,92.23
35,91.91,92.08,92.24
36,91.92,92.09,92.27
37,91.91,92.12,92.26
38,91.95,92.12,92.26
39,91.93,92.07,92.73
40,92.03,92.17,92.33
41,92.12,92.29,92.70
42,92.10,92.25,92.39
43,92.16,92.29,92.44
44,92.13,92.29,92.46
45,92.13,92.32,92.58
46,92.15,92.32,92.52
47,92.14,92.30,92.91
48,92.26,92.43,92.58
49,92.30,92.43,92.67
50,92.26,92.43,92.61
51,92.23,92.42,92.59
52,92.23,92.37,92.56
53,92.14,92.35,92.50
54,92.26,92.38,92.58
55,92.23,92.38,92.54
56,92.20,92.37,93.07
57,92.23,92.36,92.48
58,92.55,92.76,93.85
59,92.64,92.84,93.00
60,92.54,92.90,94.79
61,92.44,92.62,92.79
62,92.45,92.62,92.79
63,92.45,92.60,92.80
64,92.52,92.65,92.83
65,92.53,92.64,92.84
66,92.52,92.66,92.83
67,92.51,92.66,92.85
68,92.50,92.68,92.81
69,92.54,92.68,93.38
70,92.53,92.65,92.79
71,92.52,92.70,92.84
72,92.53,92.84,94.14
73,92.63,92.77,92.99
74,93.11,93.45,94.94
75,93.10,93.23,93.44
76,93.10,93.21,93.39
77,93.06,93.22,93.35
78,93.06,93.24,93.43
79,92.95,93.11,93.39
80,93.02,93.16,93.29
81,92.98,93.12,93.30
82,92.95,93.09,93.25
83,92.99,93.11,93.29
84,92.90,93.06,93.18
85,92.92,93.08,93.77
86,92.92,93.20,94.58
87,92.96,93.14,93.30
88,92.92,93.08,93.24
89,92.96,93.11,93.25
90,92.94,93.08,93.29
91,92.97,93.11,93.27
92,93.00,93.14,93.32
93,92.97,93.16,93.51
94,93.04,93.20,93.35
95,92.99,93.14,93.29
96,93.03,93.16,93.34
97,92.95,93.13,93.27
98,92.92,93.09,93.26
99,92.90,93.12,93.27
100,92.99,93.14,93.36
101,92.91,93.08,93.22
102,93.06,93.18,93.74
103,93.84,94.00,94.14
104,94.08,94.21,94.35
105,94.04,94.22,94.36
106,94.06,94.25,94.39
107,94.04,94.24,94.98
108,94.12,94.26,94.43
109,94.00,94.18,94.34
110,94.06,94.19,94.39
111,93.93,94.08,94.27
112,94.06,94.29,95.24
113,94.09,94.27,94.41
114,94.13,94.29,94.42
115,94.12,94.29,94.43
116,94.10,94.23,94.43
117,94.11,94.25,94.83
118,94.05,94.21,94.37
119,94.05,94.21,94.37
120,94.06,94.22,94.42
121,94.05,94.25,95.28
122,94.04,94.20,94.43
123,94.06,94.22,94.33
124,94.05,94.21,94.35
125,94.09,94.24,94.39
126,94.13,94.28,94.60
127,94.06,94.21,94.36
128,94.16,94.31,94.48
129,94.20,94.42,95.52
130,94.38,94.51,94.70
131,94.04,94.44,95.96
132,94.07,94.32,94.51
133,94.18,94.32,94.49
134,94.14,94.35,95.04
135,94.11,94.29,94.44
136,94.23,94.36,94.56
137,94.20,94.40,94.57
138,94.26,94.43,94.58
139,94.30,94.43,94.55
140,94.20,94.46,94.64
141,94.20,94.40,94.51
142,94.27,94.41,94.61
143,94.21,94.53,95.75
144,94.34,94.58,94.73
145,94.20,94.63,96.26
146,94.27,94.42,94.66
147,94.22,94.38,94.54
148,94.19,94.35,94.50
149,94.21,94.43,95.78
150,94.36,94.50,94.73
151,94.23,94.44,94.63
152,94.23,94.39,94.52
153,94.21,94.36,94.51
154,94.27,94.40,94.56
155,94.24,94.42,94.61
156,94.27,94.40,94.55
157,94.25,94.54,95.82
158,94.25,94.43,94.64
159,94.11,94.27,95.27
160,94.21,94.40,94.54
161,94.23,94.39,94.63
162,94.25,94.40,94.53
163,94.25,94.39,94.77
164,94.24,94.40,94.57
165,94.35,94.48,94.72
166,94.38,94.50,94.64
167,94.34,94.51,94.65
168,94.26,94.43,94.84
169,94.18,94.40,94.55
170,95.62,95.74,96.36
171,97.10,97.24,97.39
172,97.39,97.56,97.73
173,97.40,97.59,98.09
174,97.43,97.59,97.78
175,97.41,97.58,97.76
176,97.48,97.64,97.89
177,97.38,97.63,98.22
178,97.45,97.58,97.71
179,97.42,97.54,97.71
180,97.48,97.58,97.69
181,97.44,97.61,97.78
182,97.48,97.64,98.17
183,97.50,97.68,98.81
184,97.40,97.58,97.69
185,97.46,97.60,97.80
186,97.42,97.61,97.76
187,97.47,97.62,97.80
188,97.48,97.63,97.79
189,97.54,97.69,97.80
190,97.48,97.69,97.86
191,97.38,97.53,97.73
192,97.43,97.61,97.80
193,97.50,97.63,97.83
194,97.46,97.66,97.82
195,97.48,97.66,97.79
196,97.52,97.65,97.78
197,97.50,97.68,97.90
198,97.55,97.81,99.11
199,97.81,98.01,98.21
200,97.63,97.97,99.38
201,97.59,97.73,97.90
202,97.56,97.73,97.90
203,97.58,97.73,97.94
204,97.63,97.81,99.24
205,97.63,97.78,97.96
206,97.62,97.77,97.92
207,97.52,97.71,97.89
208,97.57,97.73,97.87
209,97.62,97.81,98.39
210,97.71,97.85,97.98
211,97.70,98.03,99.44
212,97.81,98.05,98.30
213,97.86,98.15,98.35
214,97.82,98.14,99.81
215,97.76,97.98,98.11
216,97.72,97.97,98.13
217,97.77,97.97,98.12
218,97.80,97.97,98.13
219,97.79,97.95,98.13
220,97.77,97.96,98.12
221,97.80,97.95,98.09
222,97.79,97.96,98.16
223,97.81,97.94,98.10
224,97.83,98.02,98.25
225,97.90,98.25,99.65
226,97.97,98.11,98.35
227,97.94,98.11,98.30
228,97.94,98.11,98.27
229,97.95,98.09,98.26
230,97.98,98.13,98.30
231,97.98,98.16,98.32
232,97.97,98.14,98.29
233,98.03,98.21,98.35
234,98.02,98.16,98.32
235,98.00,98.20,98.43
236,98.11,98.25,98.40
237,98.11,98.23,98.38
238,98.20,98.31,98.44
239,98.14,98.25,98.45
240,98.17,98.31,98.48
241,98.16,98.32,98.52
242,98.20,98.37,98.61
243,98.17,98.32,98.48
244,98.20,98.34,98.53
245,98.22,98.36,98.50
246,98.19,98.37,98.56
247,98.24,98.38,98.54
248,98.29,98.44,98.60
249,98.34,98.47,98.61
250,98.39,98.54,98.70
251,98.33,98.51,98.69
252,98.37,98.49,98.68
253,98.39,98.53,98.70
254,98.37,98.53,98.72
255,99.09,99.21,99.30
256,99.99,100.15,100.28
257,100.62,100.81,100.93
258,100.70,100.85,100.98
259,100.82,100.96,101.14
260,100.86,101.02,101.22
261,100.90,101.08,101.22
262,100.96,101.09,101.26
263,100.95,101.12,101.93
264,101.09,101.23,101.41
265,101.23,101.44,102.60
266,101.48,101.68,101.86
267,101.42,101.86,103.99
268,101.48,101.64,101.82
269,101.63,101.78,102.01
270,101.69,101.84,101.98
271,101.77,101.93,103.33
272,101.81,101.98,102.65
273,101.90,102.04,102.19
274,102.01,102.12,102.23
275,102.04,102.22,102.39
276,102.15,102.29,103.52
277,102.19,102.34,102.55
278,102.26,102.61,104.33
279,102.46,102.67,102.93
280,102.38,102.87,105.19
281,102.34,102.59,102.82
282,102.55,102.69,102.86
283,102.69,102.82,103.00
284,102.57,102.80,103.29
285,102.76,102.92,105.39
286,102.87,102.98,103.14
287,102.85,103.01,103.14
288,103.04,103.18,103.32
289,103.13,103.31,104.90
290,103.14,103.36,103.51
291,103.14,103.59,105.69
292,103.34,103.49,103.75
293,103.29,103.51,104.34
294,103.42,103.57,103.72
295,103.55,103.71,103.96
296,103.65,103.80,103.97
297,103.73,103.87,104.05
298,103.77,103.94,104.11
299,103.90,104.03,104.16
300,103.93,104.10,104.30
301,104.03,104.18,104.45
302,104.11,104.28,104.52
303,104.08,104.26,104.46
304,104.19,104.37,104.55
305,104.29,104.45,104.61
306,104.32,104.51,104.91
307,104.49,104.64,104.81
308,104.56,104.76,104.91
309,104.65,104.77,104.89
310,104.74,104.95,106.14
311,104.87,105.07,105.20
312,104.99,105.10,105.30
313,105.04,105.25,105.40
314,105.24,105.36,105.49
315,105.22,105.41,105.58
316,105.39,105.52,105.74
317,105.49,105.66,105.85
318,105.60,105.75,106.47
319,105.63,105.76,105.87
320,105.81,105.97,106.22
321,105.99,106.14,106.27
322,106.04,106.23,106.86
323,106.06,106.23,106.42
324,106.13,106.31,106.46
325,106.28,106.45,106.63
326,106.35,106.54,107.28
327,106.40,106.60,106.76
328,106.60,106.73,106.86
329,106.67,106.92,108.73
330,106.97,107.13,107.30
331,106.88,107.34,110.17
332,106.90,107.09,107.25
333,106.95,107.12,107.31
334,107.02,107.18,107.42
335,107.13,107.28,107.95
336,107.20,107.36,107.54
337,107.42,107.54,107.70
338,107.52,107.65,107.83
339,107.62,107.75,107.93
340,107.71,107.86,108.00
341,107.83,108.19,110.79
342,108.02,108.30,108.51
343,108.12,108.66,112.11
344,108.14,108.35,108.50
345,108.28,108.45,108.60
346,108.40,108.55,108.71
347,108.49,108.69,109.04
348,108.51,108.69,108.85
349,108.52,108.74,108.90
350,108.62,108.77,108.93
351,108.52,108.66,108.91
352,108.69,108.84,108.96
353,108.78,109.14,111.97
354,108.91,109.11,109.29
355,109.10,109.22,109.40
356,109.13,109.27,109.40
357,109.28,109.38,109.57
358,109.28,109.45,109.67
359,109.40,109.54,109.75
360,109.46,109.61,109.74
361,109.59,109.70,109.86
362,109.67,109.81,109.98
363,109.76,109.89,110.10
364,109.82,109.99,110.17
365,109.82,110.05,110.21
366,110.06,110.24,113.24
367,110.00,110.18,111.09
368,110.09,110.26,110.40
369,110.06,110.32,110.52
370,110.27,110.43,110.56
371,110.48,110.59,110.77
372,110.50,110.64,110.77
373,110.54,110.67,110.83
374,110.59,110.74,110.97
375,110.69,110.88,112.66
376,110.76,110.90,111.04
377,110.80,110.97,111.12
378,110.92,111.06,111.20
379,110.96,111.16,111.31
380,111.11,111.25,111.41
381,111.23,111.39,111.63
382,111.32,111.48,111.60
383,111.25,111.41,111.67
384,111.45,111.57,111.74
385,111.43,111.56,111.72
386,111.53,111.67,111.84
387,111.62,111.76,112.18
388,111.65,111.81,112.00
389,111.77,111.96,114.35
390,111.99,112.17,112.39
391,112.07,112.55,115.25
392,112.04,112.19,112.32
393,112.12,112.23,112.40
394,112.21,112.31,112.54
395,112.25,112.43,112.62
396,112.31,112.46,113.22
397,112.39,112.53,112.71
398,112.44,112.57,112.71
399,112.44,112.59,112.74
400,112.55,112.73,112.89
[1;34m[likwid-pin] Main PID -> hwthread 0 - OK[0m
