ICOUNT,MIN,AVG,MAX
16,109.05,112.05,147.84
17,94.82,108.02,109.76
18,93.72,93.96,94.99
19,93.74,93.94,94.70
20,93.70,93.89,94.08
21,93.63,93.85,94.69
22,93.70,93.94,94.21
23,93.69,93.95,94.98
24,93.58,93.92,94.24
25,93.69,93.87,94.03
26,93.72,94.00,94.17
27,93.83,94.09,94.98
28,93.94,94.15,94.44
29,94.03,94.16,94.30
30,93.89,94.04,94.17
31,93.94,94.08,94.93
32,93.92,94.13,94.31
33,94.19,94.36,94.53
34,94.21,94.45,94.82
35,94.35,94.53,94.74
36,94.24,94.46,95.18
37,94.37,94.61,94.95
38,94.51,94.70,94.93
39,94.59,94.89,95.11
40,94.84,95.09,95.28
41,95.00,95.14,95.32
42,94.98,95.11,95.25
43,95.00,95.14,95.78
44,95.00,95.13,95.35
45,94.98,95.13,95.31
46,94.97,95.11,95.30
47,95.00,95.15,95.36
48,95.04,95.18,95.38
49,94.91,95.21,95.42
50,95.11,95.31,95.58
51,95.45,95.66,96.32
52,95.40,95.67,95.92
53,95.57,95.74,95.98
54,95.49,95.71,95.91
55,95.50,95.67,95.85
56,95.31,95.55,95.78
57,95.46,95.63,95.79
58,95.45,95.63,95.85
59,95.42,95.61,95.77
60,95.38,95.61,95.76
61,95.46,95.64,95.85
62,95.56,95.74,95.98
63,95.57,95.91,98.28
64,94.79,95.82,97.39
65,95.44,95.73,95.94
66,95.58,95.76,96.05
67,95.64,95.81,95.98
68,95.65,95.82,95.98
69,95.70,95.87,96.10
70,96.07,96.28,96.50
71,96.42,96.59,96.79
72,96.52,96.68,96.86
73,96.40,96.68,96.93
74,96.52,96.69,96.87
75,96.52,96.67,96.93
76,96.59,96.68,96.86
77,96.54,96.73,97.49
78,96.53,97.04,98.40
79,96.59,97.06,98.14
80,96.52,96.73,97.06
81,96.52,96.67,96.90
82,96.55,96.72,97.09
83,96.56,96.73,96.93
84,96.56,96.74,96.95
85,96.52,96.74,96.97
86,96.53,96.71,96.93
87,96.55,96.75,97.03
88,96.66,96.83,97.05
89,96.56,96.77,96.95
90,96.76,96.88,97.07
91,96.76,96.92,97.06
92,96.63,96.88,97.13
93,96.72,97.04,98.00
94,96.88,97.06,97.40
95,96.61,96.89,97.15
96,96.69,96.89,97.73
97,96.76,96.91,97.09
98,96.76,96.91,97.06
99,96.52,96.78,97.06
100,96.42,96.67,96.91
101,96.32,96.67,96.93
102,96.37,96.61,96.85
103,96.52,96.68,96.80
104,96.50,96.66,96.85
105,96.52,96.68,96.85
106,96.51,96.71,96.92
107,96.59,96.75,97.04
108,96.49,96.72,96.93
109,96.52,96.76,96.97
110,96.56,96.73,96.90
111,96.52,96.75,96.98
112,96.57,96.73,96.91
113,96.64,96.85,97.06
114,96.99,97.22,97.43
115,97.28,97.58,97.78
116,98.03,98.23,98.45
117,98.54,98.76,98.96
118,99.34,99.55,99.74
119,99.50,99.69,99.82
120,99.54,99.72,99.88
121,99.56,99.75,100.59
122,99.46,99.65,99.83
123,99.55,99.72,99.81
124,99.56,99.72,99.83
125,99.61,99.72,99.93
126,99.61,99.74,99.82
127,99.66,99.75,99.83
128,99.55,99.73,99.83
129,99.63,99.77,99.90
130,99.55,99.76,99.91
131,99.68,99.77,99.95
132,99.60,99.77,99.89
133,99.68,99.80,100.02
134,99.68,99.83,100.07
135,99.75,99.88,100.02
136,99.75,99.83,100.08
137,99.75,99.89,100.00
138,99.75,99.90,100.08
139,99.75,99.86,100.08
140,99.65,99.80,99.95
141,99.68,99.81,100.00
142,99.72,99.85,100.02
143,99.66,99.82,100.00
144,99.68,99.81,99.99
145,99.34,100.29,101.76
146,99.73,99.89,100.02
147,99.75,99.89,100.02
148,99.67,99.90,100.03
149,99.73,99.93,100.08
150,99.82,99.92,100.09
151,99.75,99.92,100.09
152,99.80,99.98,100.83
153,99.82,99.98,100.22
154,99.82,99.96,100.21
155,99.83,99.98,100.16
156,99.94,100.05,100.23
157,99.92,100.06,100.23
158,99.91,100.08,100.29
159,99.94,100.56,101.28
160,100.02,100.32,101.30
161,100.08,100.26,100.47
162,100.14,100.32,100.49
163,100.22,100.39,100.49
164,100.22,100.37,100.43
165,100.14,100.33,100.49
166,99.93,100.19,100.49
167,99.95,100.23,100.41
168,100.08,100.35,100.49
169,100.29,100.38,100.55
170,100.29,100.41,100.50
171,100.24,100.42,100.62
172,100.34,100.48,100.62
173,100.61,100.99,102.17
174,100.94,101.15,101.48
175,101.26,101.45,101.63
176,102.57,102.73,103.02
177,103.85,104.06,104.26
178,104.02,104.16,104.28
179,104.12,104.27,104.46
180,104.25,104.41,104.59
181,104.28,104.51,104.73
182,104.42,104.64,104.85
183,104.68,104.84,105.03
184,104.76,104.99,105.21
185,105.09,105.27,105.50
186,105.19,105.46,105.72
187,105.36,105.62,105.80
188,105.57,105.77,105.93
189,105.66,105.83,106.01
190,105.73,105.96,106.13
191,105.93,106.11,107.01
192,106.00,106.20,106.40
193,106.25,106.41,106.67
194,106.49,106.73,106.87
195,106.67,106.89,107.07
196,106.74,106.98,107.14
197,106.90,107.10,107.24
198,106.84,107.07,107.29
199,107.04,107.29,107.50
200,107.24,107.43,107.64
201,107.22,107.54,107.88
202,107.48,107.74,107.95
203,107.55,107.92,108.15
204,107.87,108.08,108.30
205,108.02,108.24,108.42
206,108.15,108.44,108.68
207,108.35,108.58,108.93
208,108.59,108.82,109.02
209,108.70,108.93,109.17
210,108.87,109.11,109.28
211,108.97,109.23,109.49
212,109.12,109.37,109.56
213,109.44,109.60,109.83
214,109.49,109.80,110.03
215,109.82,110.07,110.36
216,110.04,110.38,110.67
217,110.31,110.58,110.73
218,110.57,110.77,110.97
219,110.70,111.06,111.44
220,111.13,111.43,111.65
221,111.40,112.02,113.58
222,111.44,111.72,112.44
223,111.55,111.79,112.01
224,111.78,111.98,112.20
225,111.92,112.19,112.45
226,112.25,112.39,112.59
227,112.37,112.60,112.79
228,112.45,112.72,112.92
229,112.67,113.02,113.66
230,112.99,113.19,113.46
231,113.06,113.26,113.48
232,113.33,113.48,113.73
233,113.52,113.84,114.95
234,113.80,114.31,114.94
235,113.85,114.01,114.24
236,113.80,114.04,114.27
237,113.93,114.09,114.27
238,113.98,114.18,115.08
239,114.05,114.26,114.50
240,114.20,114.44,114.57
241,114.29,114.50,114.65
242,114.48,114.69,114.86
243,114.59,114.82,115.11
244,114.70,114.88,115.04
245,114.86,115.06,115.21
246,114.96,115.29,116.22
247,115.03,115.29,115.61
248,115.07,115.28,115.54
249,115.14,115.33,115.61
250,115.41,115.57,115.97
251,115.48,115.63,115.81
252,115.54,115.75,116.01
253,115.68,115.88,116.10
254,115.81,116.02,116.42
255,115.95,116.17,116.38
256,116.20,116.46,116.69
257,116.35,116.64,116.89
258,116.55,116.76,116.98
259,116.69,116.93,117.05
260,116.82,116.99,117.14
261,116.88,117.03,117.22
262,117.03,117.22,117.44
263,117.17,117.36,117.64
264,117.30,117.52,117.69
265,117.43,117.66,117.87
266,117.56,117.73,117.91
267,117.63,117.88,118.10
268,117.95,118.09,118.30
269,118.09,118.20,118.41
270,118.23,118.42,118.79
271,118.53,118.79,119.03
272,118.79,119.02,119.30
273,118.98,119.21,119.42
274,119.06,119.32,119.51
275,119.16,119.41,119.67
276,119.31,119.56,119.79
277,119.51,119.72,120.04
278,119.74,119.97,120.20
279,119.91,120.25,120.49
280,120.18,120.45,120.65
281,120.30,120.54,120.71
282,120.51,120.67,120.92
283,120.51,120.70,120.89
284,120.89,121.00,121.19
285,120.89,121.08,121.29
286,121.08,121.25,121.50
287,121.12,121.41,121.67
288,121.32,121.54,121.75
289,121.46,122.27,123.21
290,121.77,122.04,122.25
291,121.97,122.25,122.51
292,122.20,122.46,122.77
293,122.52,122.68,122.97
294,122.56,122.91,123.18
295,122.94,123.14,123.34
296,123.07,123.29,124.15
297,123.18,123.40,123.68
298,123.03,123.61,124.01
299,123.54,123.77,124.02
300,123.46,124.05,125.43
301,123.91,124.58,125.65
302,123.93,124.37,124.62
303,124.32,124.52,124.83
304,124.27,124.53,124.75
305,124.54,124.88,125.15
306,124.81,124.99,125.29
307,124.85,125.11,125.46
308,125.04,125.23,125.40
309,125.24,125.53,125.89
310,125.43,125.65,125.90
311,125.65,125.90,126.10
312,125.77,126.13,127.35
313,125.90,126.20,126.50
314,126.10,126.34,126.56
315,126.08,126.35,126.63
316,126.30,126.64,126.84
317,126.57,126.83,127.11
318,126.86,127.09,127.37
319,126.99,127.21,127.44
320,127.05,127.44,127.78
321,127.48,127.69,127.92
322,127.70,127.94,128.18
323,127.78,128.02,128.31
324,127.84,128.18,128.52
325,127.98,128.30,128.65
326,128.02,128.34,128.59
327,128.26,128.61,128.91
328,128.70,128.84,129.05
329,128.68,128.87,129.12
330,128.72,128.95,129.21
331,128.72,128.97,129.16
332,128.89,129.15,129.39
333,129.12,129.41,129.73
334,129.29,129.54,129.76
335,129.49,129.81,130.10
336,129.73,130.05,130.23
337,129.90,130.14,130.35
338,130.06,130.33,130.57
339,130.21,130.62,130.87
340,130.31,130.63,130.94
341,130.58,130.81,131.00
342,131.72,132.05,132.48
343,132.81,133.10,133.30
344,134.86,135.04,135.27
345,133.25,133.46,133.76
346,137.31,137.63,137.87
347,138.67,138.90,139.18
348,139.21,139.56,139.78
349,144.92,145.21,145.50
350,149.16,149.43,149.71
351,151.58,153.07,154.37
352,170.68,171.04,171.55
353,189.82,190.07,190.36
354,189.92,190.21,190.55
355,189.92,190.19,190.60
356,189.94,190.26,191.16
357,190.16,190.41,190.76
358,190.29,190.80,193.78
359,191.63,192.48,194.01
360,191.90,192.15,192.44
361,191.81,192.18,192.47
362,191.97,192.21,192.51
363,192.24,192.47,192.69
364,192.36,192.62,192.84
365,192.35,192.67,192.88
366,192.00,192.61,194.22
367,192.10,192.46,192.81
368,192.40,192.66,192.90
369,192.51,192.86,193.19
370,192.48,192.90,193.20
371,192.61,192.88,193.18
372,192.82,193.15,193.56
373,193.04,193.35,193.74
374,193.04,193.40,193.78
375,193.17,193.46,193.92
376,193.58,193.80,194.05
377,193.38,193.85,194.16
378,193.58,193.95,194.32
379,193.78,194.13,194.49
380,193.90,194.18,194.48
381,193.97,194.30,194.61
382,193.99,194.35,194.66
383,193.83,194.33,194.70
384,194.11,194.51,194.82
385,194.38,194.68,195.01
386,194.36,194.72,194.97
387,194.66,194.90,195.21
388,194.89,195.19,195.51
389,195.11,195.35,195.56
390,194.96,195.34,195.57
391,195.26,195.59,195.99
392,195.34,196.22,199.04
393,196.04,196.43,196.74
394,195.99,196.35,196.55
395,195.87,196.16,196.54
396,196.11,196.35,196.61
397,195.91,196.28,197.23
398,196.11,196.49,196.69
399,196.54,196.99,198.71
400,196.14,196.72,198.53
[1;34m[likwid-pin] Main PID -> hwthread 0 - OK[0m
