ICOUNT,MIN,AVG,MAX
16,162.37,178.82,188.16
17,112.48,131.16,162.47
18,112.94,113.23,114.47
19,113.80,113.98,114.17
20,113.73,114.06,115.25
21,113.78,113.97,114.26
22,113.88,114.04,114.22
23,113.83,114.06,114.23
24,113.73,113.99,115.19
25,113.89,114.08,114.29
26,98.00,99.53,114.33
27,97.93,98.17,98.39
28,97.77,98.40,99.10
29,98.23,98.48,98.77
30,99.25,99.57,99.81
31,100.70,100.87,101.06
32,100.92,101.08,101.24
33,101.00,101.27,102.08
34,101.03,101.28,101.48
35,101.23,101.35,101.51
36,101.15,101.35,101.56
37,101.16,101.36,101.57
38,101.23,101.38,101.57
39,101.28,101.43,102.19
40,101.17,101.45,101.64
41,101.23,101.46,101.64
42,101.37,101.55,101.75
43,101.43,101.59,101.77
44,101.50,101.71,101.83
45,102.22,102.46,102.65
46,104.61,104.81,105.00
47,107.48,107.70,108.61
48,108.42,108.68,109.07
49,109.15,109.36,109.70
50,109.41,109.67,109.90
51,109.86,110.07,110.27
52,110.30,110.58,110.84
53,110.83,111.00,111.25
54,111.11,111.31,111.51
55,111.81,111.99,112.18
56,112.21,112.38,112.59
57,112.61,112.81,113.73
58,113.01,113.16,113.33
59,113.48,113.67,114.00
60,113.90,114.25,114.50
61,114.47,114.70,114.97
62,114.85,115.04,115.21
63,115.14,115.29,115.48
64,115.32,115.57,115.79
65,115.75,115.99,116.16
66,116.16,116.31,116.56
67,116.42,116.60,116.82
68,116.55,116.84,117.20
69,116.96,117.30,118.17
70,117.49,117.71,117.96
71,117.90,118.09,118.29
72,118.43,118.69,118.90
73,119.11,119.28,119.47
74,119.85,120.31,122.58
75,120.80,121.02,122.11
76,121.26,121.48,121.68
77,121.86,122.03,122.28
78,122.52,122.73,122.99
79,123.32,123.57,123.76
80,123.79,124.04,124.21
81,124.47,124.65,124.85
82,125.22,125.46,125.65
83,126.04,126.27,126.49
84,126.66,126.89,127.85
85,127.24,127.48,127.66
86,128.27,129.05,129.93
87,129.44,129.78,130.89
88,130.12,130.39,130.65
89,131.48,131.81,132.10
90,133.79,134.13,134.51
91,148.25,148.51,148.77
92,164.40,164.74,165.01
93,171.18,171.45,171.80
94,196.96,197.40,197.70
95,198.63,199.57,201.38
96,200.24,200.53,200.87
97,200.71,200.96,201.24
98,200.98,201.24,201.60
99,201.22,201.51,202.54
100,201.65,201.89,202.19
101,201.71,202.07,202.39
102,202.09,202.38,202.75
103,202.41,202.70,203.10
104,202.89,203.21,203.51
105,203.32,203.72,204.13
106,203.78,204.09,204.42
107,204.27,204.60,204.97
108,204.54,204.98,205.34
109,205.24,205.48,205.92
110,205.61,206.04,206.42
111,206.11,206.41,206.80
112,206.57,206.97,207.41
113,206.89,207.20,207.45
114,207.31,207.62,208.40
115,207.70,208.09,208.44
116,207.90,208.24,208.60
117,208.30,208.65,208.97
118,208.43,208.88,209.31
119,208.83,209.31,209.70
120,209.59,210.53,213.44
121,210.59,210.92,211.39
122,211.04,211.37,211.70
123,211.17,211.53,211.93
124,211.58,211.88,212.27
125,212.06,212.36,212.67
126,212.17,212.52,212.94
127,213.05,213.91,215.95
128,212.95,213.17,213.53
129,212.99,213.32,213.70
130,213.24,213.68,214.05
131,213.37,213.75,214.12
132,213.77,214.04,214.39
133,213.81,214.37,215.80
134,215.09,215.52,216.29
135,215.44,215.77,216.17
136,215.70,215.94,216.26
137,216.03,216.37,216.84
138,216.23,216.60,216.97
139,216.52,216.97,217.46
140,216.84,217.53,218.41
141,217.64,217.93,218.29
142,217.86,218.54,218.96
143,218.75,219.00,219.33
144,219.12,219.42,219.73
145,219.65,220.03,220.40
146,220.13,220.44,220.92
147,220.60,220.96,221.32
148,221.18,221.60,222.00
149,222.15,222.43,222.75
150,222.89,223.16,223.68
151,223.35,223.79,224.22
152,224.06,224.41,224.77
153,224.65,225.03,225.37
154,225.33,225.64,225.98
155,226.02,226.31,226.58
156,226.49,227.18,230.33
157,227.98,229.94,231.49
158,230.42,230.95,231.26
159,231.12,231.49,231.90
160,231.42,231.76,232.03
161,232.06,232.37,232.66
162,232.43,232.84,234.17
163,233.76,234.34,236.67
164,233.96,234.49,234.82
165,234.62,234.99,235.32
166,235.15,235.46,235.73
167,235.73,236.01,236.28
168,236.15,236.44,236.72
169,236.92,237.56,238.91
170,237.29,237.66,238.05
171,238.15,238.38,238.68
172,238.75,239.13,239.42
173,239.49,239.92,240.34
174,240.36,240.57,240.86
175,240.57,240.93,241.35
176,241.10,241.45,241.88
177,241.89,242.15,242.43
178,242.38,242.67,243.04
179,243.28,243.66,243.86
180,244.06,244.35,244.65
181,244.73,245.04,245.34
182,245.27,245.65,245.94
183,245.74,246.07,246.29
184,246.35,246.64,246.90
185,247.02,247.41,248.23
186,247.73,248.01,248.36
187,248.16,248.45,248.70
188,248.75,249.18,249.44
189,249.44,250.17,253.44
190,251.36,251.91,253.17
191,251.50,251.89,252.26
192,252.27,252.65,253.07
193,252.90,253.30,253.93
194,253.52,253.90,254.68
195,254.19,255.63,259.92
196,256.27,256.72,258.46
197,256.02,256.55,256.91
198,256.38,256.91,257.57
199,257.57,257.92,258.27
200,258.11,258.78,259.12
201,259.12,259.74,261.40
202,259.72,260.01,260.36
203,260.18,260.62,261.24
204,260.80,261.11,261.35
205,261.28,261.50,261.74
206,261.67,261.99,262.28
207,262.42,262.81,263.07
208,263.26,263.62,263.97
209,264.00,264.34,264.63
210,264.70,265.00,265.30
211,265.02,265.34,265.84
212,265.44,265.78,266.11
213,266.07,266.38,266.80
214,266.70,267.10,267.39
215,267.59,267.93,268.33
216,268.25,268.56,269.47
217,268.86,269.14,269.38
218,269.80,269.98,270.21
219,270.21,270.61,271.01
220,270.85,272.08,274.51
221,272.02,272.51,273.04
222,272.90,273.26,273.60
223,273.35,273.77,274.17
224,273.92,274.29,274.64
225,274.50,275.78,278.53
226,275.42,275.96,276.26
227,276.26,276.61,276.86
228,277.11,277.42,277.80
229,277.94,278.23,278.63
230,278.54,279.15,280.76
231,279.45,281.15,282.94
232,281.90,282.47,282.93
233,281.69,282.09,283.73
234,282.43,282.69,282.99
235,283.05,283.38,283.69
236,283.52,283.83,284.26
237,283.85,284.19,284.59
238,284.39,284.77,285.09
239,284.98,285.33,285.66
240,285.62,285.94,286.29
241,286.89,287.14,287.52
242,287.53,287.94,288.24
243,288.27,288.60,288.83
244,288.71,288.98,289.76
245,289.07,289.45,289.90
246,289.62,289.93,290.24
247,290.43,290.68,291.11
248,290.72,291.71,295.40
249,290.95,291.33,291.77
250,291.70,292.13,292.47
251,292.65,292.96,293.26
252,293.20,293.64,294.01
253,294.24,295.10,297.60
254,294.52,294.88,295.16
255,294.98,295.38,295.75
256,296.16,296.58,296.98
257,296.96,297.36,297.80
258,297.73,298.20,299.92
259,297.83,298.20,298.57
260,298.85,299.17,299.46
261,299.51,299.81,300.22
262,300.25,300.54,300.99
263,300.87,301.24,301.52
264,301.32,301.68,301.94
265,301.87,302.39,302.76
266,302.54,302.95,303.34
267,303.45,303.76,304.08
268,304.06,304.40,304.69
269,304.62,305.01,305.29
270,305.32,305.70,306.07
271,305.81,306.17,306.94
272,306.24,306.71,307.02
273,307.03,307.49,307.92
274,308.07,308.85,314.65
275,312.08,312.51,313.80
276,312.28,312.64,313.02
277,312.70,312.98,313.23
278,313.12,313.48,313.74
279,313.49,314.43,316.89
280,313.92,314.36,314.81
281,314.37,314.76,315.09
282,314.84,315.22,315.79
283,315.39,315.71,316.05
284,315.65,316.38,317.80
285,315.98,316.45,316.97
286,316.92,317.23,317.64
287,317.46,317.68,317.98
288,318.20,318.50,318.86
289,318.87,319.24,319.58
290,319.52,319.79,320.17
291,320.22,320.65,321.16
292,321.16,321.42,321.63
293,321.49,321.94,322.23
294,322.48,322.76,323.08
295,322.87,323.38,323.70
296,323.70,324.06,324.96
297,323.98,324.52,325.13
298,324.59,324.98,325.31
299,325.15,326.05,330.68
300,326.85,327.31,328.86
301,327.33,327.61,327.96
302,327.88,328.16,328.51
303,328.33,328.75,329.12
304,329.28,330.43,333.53
305,329.84,330.17,330.65
306,330.35,330.88,331.50
307,330.91,331.31,331.64
308,331.59,332.54,334.26
309,333.07,333.50,333.86
310,334.04,334.35,334.61
311,334.84,335.22,335.49
312,335.48,335.88,336.21
313,336.05,336.43,336.93
314,336.82,337.08,337.31
315,337.53,337.86,338.19
316,337.61,338.06,338.51
317,338.15,338.49,338.80
318,339.27,339.60,340.00
319,339.89,340.26,340.65
320,340.55,340.97,341.89
321,341.18,341.48,341.97
322,341.86,342.14,342.47
323,342.17,343.22,348.51
324,343.31,343.60,344.15
325,343.61,343.99,344.33
326,344.23,344.77,345.17
327,345.22,346.42,351.03
328,346.86,347.26,347.64
329,347.29,347.63,347.98
330,348.23,348.54,348.85
331,349.05,349.85,352.38
332,350.64,351.20,351.65
333,351.70,352.09,352.55
334,352.14,352.51,352.80
335,352.68,353.13,353.49
336,353.50,353.76,354.25
337,353.87,354.12,354.50
338,354.34,354.67,355.04
339,354.99,355.44,355.85
340,355.70,356.24,356.78
341,356.16,356.51,357.12
342,357.01,357.44,357.82
343,357.78,358.04,358.94
344,358.23,358.52,358.87
345,358.80,359.12,359.47
346,359.87,361.85,365.54
347,361.59,361.92,362.36
348,361.96,362.50,363.17
349,362.65,363.27,365.03
350,364.11,364.78,367.64
351,364.04,364.57,365.31
352,365.12,365.51,365.92
353,365.65,366.10,368.34
354,366.35,366.91,368.09
355,367.27,367.71,368.21
356,368.13,368.53,368.81
357,368.68,369.00,369.28
358,369.08,369.53,369.89
359,369.48,369.76,370.02
360,369.97,370.36,370.70
361,370.22,370.62,371.10
362,370.90,371.28,371.58
363,371.37,371.86,372.15
364,372.02,372.37,373.12
365,372.71,373.04,373.41
366,373.37,373.71,374.10
367,373.97,376.08,382.26
368,377.56,378.06,378.37
369,378.16,378.61,379.09
370,379.03,379.43,379.76
371,379.52,380.33,383.51
372,379.53,379.95,380.28
373,380.46,380.73,381.11
374,381.05,381.39,381.71
375,381.76,382.51,384.09
376,382.32,382.67,383.22
377,382.66,383.15,383.58
378,383.26,383.62,383.92
379,384.10,384.43,384.68
380,384.74,385.10,385.42
381,385.21,385.53,385.82
382,385.89,386.29,386.63
383,385.84,386.43,387.08
384,386.42,386.96,387.27
385,386.97,387.26,388.11
386,387.63,387.95,388.24
387,388.37,388.73,389.18
388,388.95,391.03,396.15
389,391.26,391.67,392.00
390,391.55,392.01,392.61
391,392.34,392.79,394.62
392,392.81,393.54,397.29
393,393.24,393.63,394.06
394,393.94,394.32,394.83
395,394.46,395.18,397.21
396,395.09,395.45,395.77
397,395.77,396.22,396.61
398,396.18,396.54,396.91
399,396.63,396.98,397.28
400,397.13,397.55,397.89
401,397.25,397.97,398.56
402,397.82,398.34,398.89
403,398.25,398.79,399.26
404,399.18,399.62,400.18
405,399.64,400.18,401.01
406,400.47,400.85,401.50
407,400.85,401.44,401.80
408,401.68,403.14,406.42
409,403.34,403.70,403.99
410,404.24,404.61,405.21
411,404.91,405.61,409.75
412,406.19,406.61,407.81
413,406.32,406.86,407.23
414,407.19,407.63,407.95
415,407.60,408.40,410.08
416,408.67,409.13,409.52
417,409.14,409.48,409.75
418,409.65,409.86,410.15
419,410.35,410.70,411.16
420,410.99,411.39,411.71
421,411.29,411.70,412.17
422,411.76,412.33,412.64
423,412.37,412.70,413.18
424,413.03,413.27,413.80
425,413.41,413.97,414.85
426,414.45,414.70,415.08
427,415.02,415.95,419.55
428,416.13,416.41,416.94
429,416.72,417.12,417.45
430,417.40,417.65,418.10
431,417.66,421.68,426.85
432,421.68,422.06,422.38
433,422.04,422.44,422.92
434,422.68,423.09,425.15
435,422.81,423.15,423.39
436,423.32,423.84,424.34
437,424.27,424.63,425.14
438,424.79,425.15,425.48
439,425.41,425.77,426.13
440,426.17,426.45,426.75
441,426.62,427.14,427.50
442,427.29,427.66,427.96
443,428.16,428.59,428.97
444,428.64,429.06,429.78
445,429.31,429.62,429.98
446,429.98,430.80,434.64
447,430.04,430.38,430.75
448,430.83,431.16,431.59
449,431.37,432.44,436.41
450,432.67,433.11,433.54
451,433.14,433.41,433.66
452,433.70,434.02,434.46
453,434.73,436.58,438.54
454,436.28,436.92,437.44
455,436.61,437.13,437.72
456,437.04,437.53,437.98
457,437.75,438.36,438.70
458,438.38,438.69,439.12
459,438.69,439.15,439.59
460,439.26,439.55,439.86
461,439.52,439.91,440.30
462,439.59,440.00,440.60
463,440.27,440.70,441.20
464,440.92,441.79,445.96
465,441.00,441.44,442.03
466,441.87,442.22,442.68
467,442.88,443.70,448.99
468,444.44,444.93,446.25
469,444.74,445.11,445.51
470,445.26,445.58,445.91
471,446.16,446.88,448.55
472,446.78,447.09,447.50
473,446.96,447.40,447.72
474,447.46,447.84,448.13
475,448.20,448.46,448.80
476,448.71,449.06,449.42
477,449.34,449.68,450.08
478,449.61,449.97,450.46
479,450.08,450.57,451.01
480,450.83,451.23,452.32
481,451.49,451.88,452.21
482,452.31,454.05,459.96
483,453.95,454.43,454.92
484,455.12,455.47,455.85
485,455.66,456.75,460.64
486,456.13,456.60,457.44
487,456.89,457.20,457.54
488,457.49,458.49,460.47
489,458.55,458.93,459.28
490,459.26,459.57,459.85
491,459.76,460.10,460.43
492,460.36,460.74,461.11
493,460.98,461.30,461.67
494,461.17,461.92,462.35
495,461.57,461.95,462.29
496,462.24,462.54,462.93
497,462.82,463.28,464.37
498,463.43,463.84,464.23
499,463.77,465.84,472.38
500,467.27,467.72,468.34
501,467.89,468.40,469.04
502,468.38,469.51,473.58
503,469.07,469.47,469.86
504,469.70,470.06,470.35
505,470.39,642.41,1809.57
506,750.50,792.54,1189.37
507,486.02,610.37,753.75
508,485.57,486.34,487.18
509,486.25,486.60,487.53
510,486.79,487.16,487.65
511,486.57,487.16,487.87
512,486.83,487.21,487.65
513,487.61,487.91,488.86
514,488.41,489.05,492.89
515,490.04,490.65,491.95
516,490.47,490.84,491.28
517,490.67,491.61,493.32
518,492.04,492.61,494.16
519,492.28,492.63,492.97
520,493.01,493.59,495.02
521,493.19,493.74,494.20
522,493.97,494.32,494.67
523,494.21,495.04,495.52
524,494.66,495.02,495.41
525,495.23,495.72,496.65
526,495.90,496.22,496.66
527,496.44,496.93,497.40
528,497.20,497.72,498.07
529,498.03,498.45,498.83
530,498.67,499.41,503.14
531,500.56,501.09,502.61
532,500.85,501.16,501.58
533,501.25,502.06,503.81
534,502.48,502.82,503.14
535,502.27,502.80,503.43
536,502.95,504.08,506.40
537,505.19,505.74,506.11
538,506.01,506.42,506.87
539,506.54,507.06,508.02
540,506.40,507.31,508.21
541,507.01,507.40,507.90
542,507.82,508.37,508.82
543,508.50,508.96,509.36
544,509.07,509.53,509.99
545,509.55,510.05,510.45
546,510.05,511.98,515.09
547,513.22,513.66,514.07
548,513.69,514.10,514.38
549,514.13,514.84,516.67
550,514.23,514.65,515.30
551,514.77,515.25,515.72
552,515.53,516.09,518.33
553,515.68,516.18,516.62
554,516.62,516.91,517.31
555,517.29,517.73,518.29
556,518.24,518.67,519.12
557,519.18,519.46,519.78
558,519.70,520.06,520.52
559,520.19,520.54,520.93
560,521.01,521.31,521.66
561,521.44,521.97,524.82
562,523.05,523.61,525.41
563,523.26,523.63,523.97
564,523.95,524.71,526.27
565,524.73,525.04,525.60
566,525.16,525.67,526.03
567,526.07,526.67,528.30
568,526.64,526.95,527.25
569,527.11,527.50,527.85
570,527.64,528.02,528.38
571,528.10,528.56,528.88
572,528.88,529.22,529.59
573,529.17,529.66,530.18
574,529.15,530.01,530.91
575,529.57,530.10,530.76
576,530.53,531.08,531.38
577,532.76,533.64,535.39
578,533.14,533.63,534.10
579,533.76,534.61,536.18
580,534.83,535.25,535.60
581,535.44,535.66,535.91
582,535.71,536.49,537.70
583,536.45,536.82,537.26
584,536.72,537.34,537.73
585,537.19,537.48,537.79
586,537.96,538.31,538.70
587,538.66,539.34,539.74
588,539.27,539.52,539.86
589,539.68,539.94,540.28
590,540.11,540.46,540.89
591,541.02,541.69,543.97
592,542.10,543.09,544.31
593,543.64,543.90,544.31
594,543.78,544.89,546.61
595,544.52,544.90,545.32
596,544.90,545.26,545.76
597,545.76,546.61,548.74
598,546.50,546.91,547.34
599,547.20,547.65,547.98
600,548.12,548.49,548.88
601,548.58,549.18,549.56
602,548.94,549.58,550.43
603,549.83,550.17,550.57
604,550.09,550.51,550.91
605,550.72,551.13,551.57
606,551.46,552.34,554.04
607,552.13,552.43,552.94
608,552.82,553.53,556.29
609,554.66,555.01,555.93
610,555.00,555.31,555.59
611,555.61,556.06,557.76
612,555.92,556.24,556.63
613,556.33,556.67,557.02
614,556.75,557.16,557.61
615,557.56,557.89,558.28
616,557.96,558.52,559.04
617,558.90,559.20,559.71
618,558.96,559.48,560.25
619,559.26,559.84,560.33
620,560.31,561.49,563.48
621,562.21,562.59,563.46
622,562.18,562.74,563.28
623,563.45,564.83,566.01
624,564.52,564.92,565.32
625,564.95,565.52,567.15
626,565.67,566.06,566.45
627,566.16,566.51,566.81
628,566.63,566.91,567.45
629,566.88,567.28,567.84
630,566.99,567.71,568.31
631,567.71,568.18,568.58
632,568.71,568.98,569.32
633,569.14,569.54,569.86
634,569.92,571.06,573.51
635,571.73,572.04,573.02
636,571.63,572.44,572.88
637,573.22,573.84,575.45
638,573.51,573.88,574.25
639,573.80,574.65,576.91
640,574.67,575.04,576.01
641,575.57,575.93,576.31
642,576.31,576.69,576.97
643,576.98,577.35,577.85
644,577.85,578.36,578.80
645,578.24,578.94,579.55
646,579.00,579.41,579.96
647,579.93,580.25,580.61
648,580.52,581.81,583.43
649,581.00,581.87,582.58
650,581.78,582.72,585.19
651,583.49,584.05,584.53
652,584.07,584.65,585.08
653,585.21,586.14,587.23
654,586.29,586.75,587.21
655,586.93,587.25,587.56
656,587.04,587.29,587.70
657,587.40,587.83,588.29
658,588.05,588.43,588.83
659,588.61,588.93,589.55
660,589.28,589.86,590.34
661,589.95,590.65,593.86
662,591.47,592.02,592.85
663,591.97,592.41,592.84
664,592.84,593.79,595.60
665,593.45,593.81,594.13
666,593.92,594.54,596.88
667,594.52,595.02,595.47
668,595.33,595.68,596.07
669,595.37,596.09,596.65
670,595.84,596.41,596.72
671,596.45,596.81,597.31
672,596.99,597.46,597.82
673,597.68,598.03,598.34
674,598.26,598.60,598.89
675,598.91,600.20,601.78
676,599.97,600.33,600.73
677,600.56,601.21,602.52
678,601.03,601.38,601.78
679,601.30,601.65,603.19
680,601.70,602.01,602.74
681,601.92,602.20,602.46
682,601.92,602.21,602.46
683,601.92,602.33,602.64
684,602.25,602.55,602.94
685,602.32,602.60,602.93
686,602.39,602.71,603.06
687,602.52,602.85,603.20
688,602.66,605.10,609.79
689,604.94,605.61,606.96
690,605.88,606.65,608.67
691,606.83,607.06,607.37
692,607.75,608.04,608.37
693,608.79,609.96,612.22
694,610.11,610.39,610.79
695,610.89,611.39,611.66
696,612.09,612.49,612.81
697,613.08,613.48,613.82
698,614.22,614.64,615.09
699,615.29,615.77,616.14
700,616.50,616.84,617.51
701,617.34,618.35,620.79
702,618.32,618.77,619.53
703,618.97,619.71,621.44
704,619.61,620.07,620.84
705,620.27,620.86,623.33
706,621.60,622.06,623.40
707,622.18,622.78,623.35
708,622.30,622.95,624.03
709,623.20,623.59,624.08
710,624.32,624.74,625.17
711,625.53,625.94,626.45
712,626.67,627.05,627.43
713,627.39,627.85,628.30
714,628.27,629.31,631.10
715,629.02,629.48,629.92
716,629.39,630.63,632.53
717,630.48,631.03,631.56
718,631.22,631.87,633.82
719,631.73,632.27,632.67
720,632.50,632.83,633.17
721,632.50,633.14,633.64
722,632.84,633.27,633.64
723,633.62,634.10,634.58
724,634.70,635.10,635.42
725,635.31,635.85,636.32
726,636.12,637.19,640.97
727,637.78,638.11,638.96
728,638.53,638.95,640.43
729,638.94,639.57,641.16
730,639.27,639.74,640.05
731,640.30,640.99,642.77
732,640.49,641.14,641.64
733,641.46,641.91,642.40
734,642.18,642.43,642.79
735,642.23,642.68,643.05
736,642.39,642.78,643.12
737,642.75,643.04,643.32
738,643.05,643.42,643.66
739,643.46,643.99,645.06
740,643.58,643.87,644.13
741,643.80,644.32,645.66
742,643.72,644.17,644.53
743,644.00,644.45,646.42
744,644.10,644.46,645.80
745,644.13,644.58,644.92
746,644.20,644.65,645.07
747,644.48,644.75,645.05
748,644.53,644.82,645.21
749,644.80,645.12,645.47
750,645.14,645.43,645.73
751,645.68,646.60,649.98
752,646.50,646.92,647.97
753,647.36,648.77,651.99
754,649.43,649.73,650.11
755,649.98,650.60,652.94
756,650.11,650.55,651.47
757,650.98,651.25,651.73
758,652.06,652.33,652.60
759,653.12,653.33,653.64
760,654.15,654.44,654.80
761,655.19,655.54,655.87
762,656.19,656.75,657.27
763,656.91,657.84,659.56
764,657.22,657.74,658.92
765,657.66,658.49,660.27
766,658.29,658.70,659.17
767,658.80,659.41,662.93
768,661.79,662.33,662.73
769,662.04,662.50,662.92
770,662.45,662.82,663.38
771,663.38,663.70,664.03
772,663.76,664.39,664.90
773,664.83,665.27,665.67
774,666.68,667.09,667.62
775,668.43,669.15,672.82
776,669.37,670.00,670.91
777,671.83,673.25,675.73
778,673.94,674.38,674.76
779,675.37,676.02,678.43
780,676.05,676.56,677.04
781,677.05,677.53,678.14
782,677.94,678.35,678.75
783,678.02,678.46,678.95
784,678.41,678.67,679.01
785,678.77,679.05,679.45
786,678.99,679.35,679.75
787,679.62,680.37,683.75
788,679.86,680.27,680.59
789,680.30,681.15,683.15
790,680.83,681.22,681.56
791,681.33,682.15,684.48
792,682.13,682.57,682.95
793,682.77,683.40,683.85
794,682.15,683.51,684.38
795,683.21,683.52,683.99
796,683.79,684.37,684.96
797,685.06,685.44,685.80
798,685.69,686.66,689.77
799,688.08,688.69,689.33
800,688.85,689.42,692.35
