ICOUNT,MIN,AVG,MAX
16,93.80,95.20,111.84
17,93.77,93.94,94.10
18,93.74,93.97,94.76
19,93.65,93.96,95.41
20,94.29,94.46,95.20
21,94.16,94.36,94.55
22,94.20,94.39,95.59
23,94.27,94.39,94.54
24,94.32,94.50,94.75
25,94.32,94.51,95.23
26,94.27,94.47,94.66
27,94.46,94.63,94.85
28,95.38,95.55,96.14
29,95.53,95.67,96.22
30,95.48,95.62,95.77
31,95.44,95.66,95.89
32,95.57,95.67,95.85
33,95.47,95.68,96.42
34,95.61,95.76,95.97
35,95.55,95.71,95.83
36,95.52,95.70,95.82
37,95.62,95.80,95.96
38,95.60,95.87,96.57
39,95.58,95.73,95.90
40,95.61,95.75,95.91
41,95.50,95.69,95.84
42,95.56,95.74,95.90
43,95.65,95.78,95.92
44,95.74,95.85,96.01
45,96.92,97.06,97.83
46,98.19,98.37,98.55
47,98.97,99.19,99.36
48,99.02,99.20,99.47
49,99.09,99.26,99.42
50,99.09,99.23,99.39
51,99.05,99.26,99.44
52,99.13,99.30,99.53
53,99.12,99.32,99.52
54,99.23,99.39,99.58
55,99.32,99.46,100.23
56,99.33,99.48,99.64
57,99.30,99.50,99.64
58,99.36,99.58,99.76
59,99.46,99.63,99.83
60,99.55,99.74,100.56
61,99.47,99.69,99.95
62,99.61,99.79,100.00
63,99.65,99.79,99.97
64,99.63,99.82,100.10
65,99.70,99.88,100.07
66,99.84,100.00,100.72
67,100.14,100.28,100.46
68,101.07,101.23,101.42
69,102.38,102.56,102.73
70,104.65,104.84,106.27
71,105.07,105.32,105.50
72,105.44,105.63,105.78
73,105.86,106.04,107.10
74,106.06,106.30,106.52
75,106.39,106.53,106.67
76,106.53,106.71,106.84
77,106.77,106.95,107.37
78,107.05,107.22,107.39
79,107.27,107.50,107.67
80,107.57,107.72,107.88
81,107.75,107.97,108.65
82,108.11,108.28,108.51
83,108.41,108.59,108.79
84,108.77,108.93,109.12
85,109.08,109.23,109.40
86,109.43,109.59,109.78
87,109.78,109.92,110.08
88,110.13,110.35,112.80
89,110.42,110.65,110.88
90,110.78,110.98,111.29
91,111.06,111.28,111.50
92,111.33,111.48,111.63
93,111.65,111.82,112.05
94,111.85,112.11,112.28
95,112.17,112.36,112.49
96,112.53,112.70,112.98
97,112.87,113.06,113.27
98,113.25,113.40,113.69
99,113.45,113.61,114.25
100,113.74,113.96,114.17
101,114.12,114.29,116.29
102,114.46,114.56,114.71
103,114.72,114.85,114.99
104,115.02,115.13,115.27
105,115.30,115.48,116.38
106,115.68,115.84,115.96
107,116.07,116.20,116.43
108,116.46,116.63,116.78
109,116.94,117.10,117.38
110,117.34,117.56,117.70
111,117.86,117.98,118.11
112,118.10,118.23,118.40
113,118.31,118.53,121.85
114,118.69,118.85,119.03
115,119.08,119.22,119.39
116,119.55,119.67,119.82
117,120.02,120.18,120.34
118,120.45,120.62,120.84
119,120.92,121.10,121.30
120,121.49,121.65,121.86
121,121.90,122.09,122.77
122,122.40,122.64,122.80
123,123.09,123.25,123.47
124,123.54,123.79,128.58
125,124.02,124.18,124.38
126,124.50,124.63,124.85
127,124.92,125.08,125.32
128,125.41,125.64,125.75
129,126.02,126.19,126.35
130,126.61,126.75,127.03
131,127.18,127.31,127.53
132,127.60,127.76,127.93
133,128.08,128.30,128.47
134,128.60,128.80,129.31
135,130.22,130.45,130.65
136,131.61,132.10,132.52
137,133.29,133.78,134.33
138,136.14,137.13,137.77
139,160.77,161.88,162.64
140,186.77,187.14,187.68
141,194.35,194.56,194.77
142,195.10,195.44,199.94
143,195.65,195.95,196.23
144,195.97,196.20,197.07
145,196.43,196.66,196.89
146,197.24,197.46,197.85
147,198.07,198.34,198.73
148,202.44,203.23,204.03
149,204.15,204.39,204.71
150,199.98,200.21,200.41
151,199.06,199.29,202.64
152,198.93,199.22,199.46
153,198.94,199.12,199.31
154,199.00,199.24,199.47
155,199.39,199.64,200.01
156,199.36,199.73,202.04
157,199.84,200.08,200.37
158,200.22,200.48,200.77
159,200.40,200.66,200.93
160,200.61,200.90,201.20
161,200.98,201.22,201.47
162,201.09,201.35,201.57
163,201.45,201.72,202.07
164,201.91,202.15,202.32
165,202.21,202.37,202.60
166,202.51,202.68,203.33
167,202.89,203.17,203.43
168,203.08,203.26,203.55
169,203.20,203.56,205.30
170,203.81,203.96,204.18
171,203.96,204.13,204.43
172,204.52,204.80,205.04
173,205.26,205.47,206.97
174,205.46,205.67,205.92
175,205.71,206.01,208.48
176,206.10,206.28,206.66
177,205.95,206.20,206.52
178,206.28,206.55,206.82
179,206.80,207.02,207.39
180,207.08,207.32,207.74
181,207.71,207.98,208.16
182,208.33,208.63,208.89
183,208.57,208.83,209.07
184,209.00,209.29,209.49
185,209.29,209.52,209.77
186,209.38,209.63,212.20
187,209.59,209.84,210.00
188,209.90,210.14,210.81
189,209.98,210.21,213.85
190,210.27,210.49,210.67
191,210.51,210.70,210.85
192,210.42,210.70,210.89
193,210.65,210.92,211.20
194,211.00,211.34,212.02
195,211.23,211.45,211.67
196,211.37,211.62,211.87
197,211.77,212.06,212.33
198,212.01,212.24,212.52
199,212.34,212.63,212.93
200,213.18,213.41,213.58
201,213.69,213.91,214.23
202,214.47,214.70,214.95
203,215.13,215.30,215.62
204,215.28,215.56,220.00
205,215.75,215.95,216.24
206,215.98,216.17,220.27
207,215.95,216.12,216.38
208,216.31,216.50,216.69
209,216.46,216.66,217.00
210,216.39,216.62,216.90
211,216.78,216.96,217.15
212,217.20,217.43,217.61
213,217.72,217.94,218.35
214,218.47,218.65,218.91
215,218.94,219.17,219.49
216,219.28,219.52,219.85
217,219.55,219.79,220.03
218,219.88,220.09,220.32
219,220.04,220.24,220.47
220,220.24,220.43,220.60
221,220.40,220.70,221.07
222,220.59,220.84,221.04
223,220.99,221.16,221.39
224,221.23,221.53,222.51
225,221.26,221.64,224.77
226,221.77,221.96,222.16
227,222.11,222.35,222.72
228,222.34,222.55,222.71
229,222.62,222.84,223.89
230,223.02,223.18,223.37
231,223.34,223.53,223.82
232,223.77,223.95,224.29
233,224.14,224.36,227.93
234,224.43,224.65,224.87
235,225.01,225.27,225.51
236,225.47,225.73,229.67
237,225.79,226.06,226.30
238,226.28,226.51,226.65
239,226.65,226.94,227.25
240,227.25,227.42,227.62
241,227.73,227.93,229.22
242,228.45,228.62,228.86
243,228.70,228.93,229.12
244,229.19,229.43,229.64
245,229.68,229.89,230.27
246,230.29,230.46,230.64
247,231.01,231.18,231.50
248,231.54,231.75,231.95
249,232.09,232.30,232.55
250,232.65,232.84,233.29
251,233.72,233.96,234.18
252,235.72,236.01,241.31
253,237.45,237.67,238.40
254,238.06,238.35,238.78
255,238.99,239.21,239.59
256,239.68,239.98,244.35
257,240.14,240.40,240.60
258,241.51,241.77,242.17
259,242.27,242.51,242.72
260,242.70,242.97,243.36
261,243.43,243.63,243.81
262,243.78,244.07,244.49
263,244.29,244.52,244.86
264,244.85,245.12,245.37
265,245.33,245.66,250.20
266,245.72,246.02,246.25
267,246.02,246.34,246.84
268,246.64,246.92,247.20
269,247.01,247.24,247.59
270,247.27,247.51,247.74
271,247.65,247.83,248.06
272,247.85,248.12,252.01
273,248.18,248.34,248.50
274,248.44,248.61,248.82
275,248.50,248.73,248.91
276,248.88,249.17,255.15
277,249.21,249.43,249.65
278,249.57,249.77,250.10
279,250.14,250.28,250.44
280,250.49,250.83,251.69
281,251.23,251.41,251.58
282,252.07,252.23,252.48
283,253.03,253.27,255.62
284,253.68,253.93,254.15
285,254.09,254.24,254.69
286,254.59,254.80,255.19
287,254.90,255.17,255.39
288,255.48,255.63,256.68
289,255.72,256.02,256.25
290,256.23,256.41,256.71
291,256.78,257.04,261.84
292,257.04,257.29,257.53
293,257.51,257.84,264.14
294,257.93,258.10,258.34
295,258.18,258.39,258.73
296,258.55,258.70,259.10
297,258.73,258.91,259.09
298,259.01,259.17,260.29
299,259.24,259.45,259.64
300,259.56,259.80,260.08
301,259.71,259.90,260.13
302,260.02,260.24,260.52
303,260.35,260.69,264.40
304,260.85,261.06,261.26
305,261.21,261.49,264.98
306,261.77,262.06,262.80
307,262.37,262.57,263.00
308,262.96,263.15,263.36
309,263.41,263.65,264.17
310,263.78,263.99,264.29
311,264.50,264.73,264.97
312,265.08,265.30,265.61
313,265.66,265.84,266.20
314,266.10,266.38,267.80
315,266.65,266.92,267.08
316,267.29,267.56,271.83
317,267.56,267.79,268.10
318,268.18,268.38,268.69
319,268.56,268.75,269.16
320,269.08,269.26,269.62
321,269.43,269.62,269.84
322,269.73,270.01,270.21
323,270.29,270.54,272.27
324,270.74,270.98,271.20
325,271.48,271.69,272.01
326,272.04,272.24,272.50
327,272.68,272.86,273.09
328,273.43,273.63,274.10
329,274.08,274.28,274.56
330,275.11,275.41,280.70
331,276.72,277.03,277.78
332,278.27,278.53,279.06
333,278.80,279.13,279.69
334,280.00,280.22,280.47
335,281.00,281.26,286.61
336,281.69,281.89,282.29
337,282.18,282.36,282.55
338,282.69,282.94,283.37
339,283.03,283.28,283.51
340,283.55,283.81,289.64
341,284.06,284.34,284.75
342,284.41,284.60,284.91
343,284.83,285.07,285.26
344,285.25,285.53,291.01
345,285.56,285.78,286.00
346,285.79,286.06,288.05
347,286.25,286.46,288.23
348,286.43,286.68,286.92
349,286.59,286.92,292.53
350,286.97,287.19,288.68
351,287.12,287.36,287.55
352,287.63,287.80,288.13
353,287.81,288.10,289.94
354,288.19,288.41,289.15
355,288.66,288.87,289.18
356,289.16,289.49,294.40
357,289.79,290.01,290.25
358,290.45,290.64,291.11
359,290.91,291.14,291.47
360,291.58,291.77,291.97
361,292.20,292.41,292.97
362,292.84,293.11,298.42
363,293.12,293.50,299.72
364,293.67,293.92,294.48
365,294.18,294.44,299.86
366,294.65,294.86,295.09
367,295.14,295.38,296.10
368,295.73,295.94,296.33
369,296.08,296.29,296.57
370,296.60,296.87,297.21
371,297.00,297.24,298.98
372,297.43,297.63,297.83
373,297.92,298.17,298.54
374,298.23,298.58,302.10
375,298.67,298.91,299.08
376,299.05,299.27,300.92
377,299.37,299.57,300.28
378,299.72,299.94,300.17
379,300.22,300.49,301.10
380,300.67,300.93,301.53
381,301.04,301.27,301.43
382,301.75,301.96,302.47
383,302.10,302.38,302.81
384,302.86,303.03,303.21
385,303.31,303.54,304.02
386,303.82,304.14,309.67
387,304.52,304.68,304.96
388,305.05,305.25,305.78
389,305.49,305.83,311.92
390,306.06,306.25,306.43
391,306.60,306.77,307.33
392,307.16,307.35,307.84
393,307.72,307.92,308.41
394,308.18,308.53,308.71
395,308.77,309.01,309.25
396,309.27,309.56,310.04
397,309.66,309.84,310.05
398,310.06,310.31,310.86
399,310.45,310.67,311.65
400,310.93,311.15,311.53
401,311.20,311.44,311.70
402,311.70,311.91,312.23
403,312.04,312.30,316.46
404,312.44,312.63,312.84
405,312.91,313.24,320.14
406,313.32,313.55,313.92
407,314.20,314.68,321.26
408,315.05,315.33,315.55
409,315.76,316.01,316.29
410,316.52,316.81,317.24
411,317.37,317.61,317.84
412,318.20,318.39,318.79
413,318.66,319.05,328.70
414,319.32,319.49,319.81
415,319.76,319.96,320.25
416,320.44,320.88,327.76
417,320.98,321.38,321.90
418,321.80,322.05,322.30
419,322.44,322.86,327.58
420,323.01,323.38,328.48
421,323.90,324.17,324.82
422,324.55,324.76,325.01
423,325.15,325.42,325.83
424,325.70,326.05,326.47
425,326.30,326.56,327.06
426,326.78,327.24,336.44
427,327.05,327.31,327.78
428,327.89,328.30,334.43
429,328.27,328.62,329.00
430,329.09,329.33,329.59
431,330.01,330.30,332.74
432,330.93,331.41,337.53
433,332.02,332.30,332.83
434,333.07,333.39,333.72
435,333.76,334.18,340.11
436,334.54,334.86,335.30
437,335.21,335.52,335.96
438,335.62,335.90,336.14
439,336.10,336.56,342.70
440,336.60,336.91,337.67
441,336.92,337.42,343.56
442,337.37,337.64,338.01
443,337.99,338.19,338.71
444,338.41,338.57,339.00
445,338.51,338.75,339.17
446,338.89,339.17,339.42
447,339.26,339.55,344.80
448,339.46,339.88,346.09
449,339.82,340.05,340.67
450,340.06,340.28,340.64
451,340.42,340.65,340.83
452,340.73,341.05,342.67
453,341.28,341.51,342.01
454,341.54,341.86,342.26
455,342.08,342.30,342.60
456,342.60,342.94,349.43
457,342.99,343.24,343.82
458,343.53,343.80,344.13
459,344.04,344.35,349.39
460,344.45,344.78,345.01
461,344.97,345.21,345.50
462,345.45,345.63,346.06
463,345.98,346.16,346.39
464,346.49,347.04,355.62
465,347.07,347.28,347.59
466,347.75,347.99,348.32
467,348.23,348.59,357.16
468,348.66,348.94,349.51
469,349.10,349.38,349.58
470,349.59,349.80,350.09
471,350.15,350.48,356.98
472,350.62,350.98,357.71
473,351.16,351.48,358.76
474,351.58,351.79,352.05
475,352.31,352.50,352.71
476,352.90,353.15,355.56
477,353.34,353.53,354.11
478,353.93,354.14,354.85
479,354.46,354.68,355.05
480,355.23,355.42,355.76
481,355.71,355.88,356.30
482,356.19,356.42,356.82
483,356.84,357.08,357.69
484,357.42,357.81,367.33
485,358.15,358.49,364.38
486,358.81,359.08,363.09
487,359.57,359.78,360.08
488,360.84,361.07,363.76
489,361.77,362.05,362.63
490,362.56,362.89,363.57
491,363.25,363.67,371.62
492,363.96,364.24,364.73
493,364.44,364.83,367.33
494,365.22,365.52,368.00
495,365.74,365.95,366.19
496,366.30,366.55,367.24
497,366.77,367.02,367.24
498,367.34,367.64,368.05
499,367.72,368.03,371.98
500,368.19,368.41,369.17
501,368.58,368.78,369.09
502,368.76,368.99,369.70
503,369.24,369.56,376.39
504,369.36,369.88,378.57
505,369.89,370.12,370.73
506,370.19,370.43,370.71
507,370.52,370.80,371.24
508,370.99,371.21,371.63
509,371.43,371.65,371.96
510,371.87,372.14,376.36
511,372.36,372.59,372.85
512,372.92,373.38,382.81
513,373.26,373.58,373.79
514,373.79,374.07,374.64
515,374.29,374.52,374.76
516,374.76,375.05,382.10
517,375.24,375.51,375.90
518,375.71,375.93,376.43
519,376.07,376.34,376.78
520,376.58,376.74,376.92
521,377.04,377.47,384.33
522,377.49,377.76,378.15
523,377.79,378.07,380.45
524,378.28,378.62,379.13
525,378.84,379.04,379.49
526,379.18,379.58,386.26
527,379.72,379.93,380.18
528,380.36,380.77,390.20
529,380.94,381.15,381.64
530,381.60,381.79,382.36
531,381.75,382.18,389.15
532,382.48,382.72,383.53
533,382.88,383.19,383.68
534,383.39,383.62,383.84
535,384.02,384.32,389.69
536,384.46,384.68,385.03
537,384.81,385.04,385.74
538,385.10,385.30,385.59
539,385.58,386.07,392.92
540,386.02,386.27,386.53
541,386.37,386.60,389.22
542,386.88,387.05,387.42
543,387.33,387.48,387.86
544,387.80,387.98,388.39
545,388.30,388.55,391.16
546,388.73,388.92,389.87
547,389.16,389.42,389.60
548,389.76,389.96,390.44
549,390.30,390.67,393.34
550,391.01,391.25,391.83
551,391.56,391.81,392.06
552,392.27,392.48,393.21
553,392.74,393.16,399.33
554,393.28,393.62,394.02
555,393.93,394.17,394.78
556,394.65,395.05,401.36
557,395.22,395.44,395.98
558,395.62,396.01,398.69
559,396.37,396.71,403.66
560,397.12,397.35,397.61
561,397.64,398.11,407.84
562,398.40,398.71,401.47
563,398.93,399.20,399.67
564,399.67,400.01,406.96
565,400.48,400.77,401.11
566,401.20,401.68,411.77
567,402.20,402.42,402.91
568,402.93,403.13,403.58
569,403.50,403.72,404.33
570,404.00,404.36,411.50
571,404.79,405.01,405.20
572,405.39,405.77,411.78
573,405.90,406.17,409.04
574,406.58,406.85,407.55
575,406.94,407.27,410.81
576,407.50,407.83,408.28
577,408.03,408.42,414.04
578,408.46,408.75,409.04
579,409.07,409.38,409.96
580,409.62,409.86,410.51
581,410.16,410.54,419.32
582,410.54,410.82,411.46
583,411.00,411.29,416.01
584,411.39,411.61,411.84
585,411.80,412.06,412.52
586,412.27,412.62,419.87
587,412.58,412.79,413.37
588,412.99,413.30,413.79
589,413.31,413.65,414.55
590,414.01,414.18,414.83
591,414.25,414.55,419.70
592,414.75,414.99,415.31
593,415.12,415.33,415.79
594,415.65,415.84,416.37
595,415.94,416.20,416.76
596,416.32,416.53,417.10
597,416.64,417.04,424.73
598,416.92,417.19,417.91
599,417.30,417.60,425.19
600,417.57,417.76,417.96
601,417.97,418.19,418.92
602,418.30,418.57,421.34
603,419.05,419.27,419.91
604,419.58,419.95,426.79
605,419.99,420.35,430.69
606,420.57,420.93,423.83
607,421.09,421.32,421.91
608,421.63,421.87,422.33
609,422.14,422.46,430.06
610,422.63,422.85,425.51
611,423.42,423.59,424.30
612,423.76,424.17,424.54
613,424.59,424.83,425.05
614,425.15,425.36,426.10
615,425.64,425.94,426.54
616,426.30,426.75,437.12
617,426.87,427.14,431.83
618,427.36,427.55,427.92
619,427.55,427.79,427.99
620,428.03,428.43,434.42
621,428.66,428.85,429.29
622,429.17,429.42,430.03
623,429.57,429.91,430.57
624,430.41,430.58,430.98
625,430.98,431.14,431.31
626,431.68,431.86,432.18
627,432.27,432.46,432.68
628,432.80,433.11,433.81
629,433.52,433.78,434.44
630,434.09,434.33,435.27
631,434.90,435.12,435.66
632,435.53,435.93,446.24
633,436.05,436.29,436.79
634,436.61,436.92,442.84
635,437.39,437.72,444.89
636,437.87,438.09,440.49
637,438.25,438.48,439.07
638,438.82,439.07,439.32
639,439.31,439.57,442.24
640,439.84,440.17,440.70
641,440.57,440.80,441.27
642,441.15,441.47,449.01
643,441.78,442.00,442.50
644,442.29,442.51,442.92
645,442.95,443.40,454.11
646,443.71,443.90,444.31
647,444.24,444.63,455.25
648,444.92,445.10,445.50
649,445.43,445.87,457.11
650,445.98,446.27,452.84
651,446.38,446.61,447.01
652,446.87,447.10,447.72
653,447.12,447.33,447.77
654,447.46,447.71,448.20
655,447.76,448.27,459.01
656,448.09,448.39,448.86
657,448.43,448.77,449.16
658,449.19,449.39,450.01
659,449.55,449.93,457.65
660,450.08,450.27,450.69
661,450.60,450.84,453.74
662,451.09,451.26,451.65
663,451.54,451.77,452.44
664,451.94,452.18,452.68
665,452.41,452.70,460.56
666,452.67,452.92,453.33
667,453.23,453.47,453.86
668,453.77,453.96,454.74
669,454.09,454.29,454.74
670,454.79,455.02,455.48
671,455.29,455.50,456.09
672,455.92,456.21,456.77
673,456.38,456.72,457.11
674,456.98,457.40,465.82
675,457.60,457.80,457.98
676,457.98,458.20,458.60
677,458.63,458.92,459.38
678,459.33,459.71,469.94
679,459.80,460.05,460.61
680,460.51,460.89,472.48
681,460.96,461.17,461.38
682,461.43,461.64,462.06
683,461.81,462.16,470.13
684,462.43,462.72,469.58
685,462.63,463.11,473.96
686,463.01,463.25,463.90
687,463.42,463.67,464.01
688,464.10,464.43,471.85
689,464.37,464.57,465.32
690,464.91,465.16,465.71
691,465.38,465.72,473.49
692,466.00,466.34,474.61
693,466.48,466.73,467.41
694,466.93,467.31,476.45
695,467.52,467.85,475.74
696,468.02,468.44,479.64
697,468.55,468.85,474.44
698,469.00,469.21,469.75
699,469.60,469.81,470.50
700,470.06,470.29,470.94
701,470.38,470.70,478.75
702,470.77,471.06,471.49
703,471.19,471.52,474.48
704,471.79,472.06,472.78
705,472.41,472.64,473.56
706,472.86,473.23,481.07
707,473.51,473.76,474.34
708,474.02,474.40,481.70
709,474.67,474.87,475.61
710,475.10,475.31,475.84
711,475.68,475.96,476.51
712,476.34,476.62,477.19
713,476.92,477.13,477.64
714,477.52,477.76,478.42
715,477.96,478.19,478.47
716,478.54,478.94,484.65
717,478.95,479.11,479.87
718,479.43,479.64,480.22
719,479.96,480.16,480.76
720,480.56,480.91,488.96
721,481.23,481.47,481.89
722,481.81,482.31,490.99
723,482.42,482.65,483.29
724,482.98,483.23,483.75
725,483.73,484.16,495.87
726,484.25,484.45,484.97
727,484.84,485.04,485.92
728,485.33,485.53,486.28
729,485.63,485.98,486.72
730,486.05,486.37,486.93
731,486.66,487.16,496.70
732,487.32,487.70,492.11
733,487.78,488.03,491.12
734,488.39,488.71,489.36
735,488.98,489.46,497.71
736,489.61,489.92,490.34
737,490.26,490.51,491.08
738,490.92,491.26,502.29
739,491.43,491.63,492.35
740,491.93,492.22,492.86
741,492.55,493.04,502.10
742,493.26,493.49,493.88
743,493.71,493.99,494.52
744,494.38,494.63,495.31
745,495.12,495.50,506.20
746,495.66,495.94,496.72
747,496.06,496.34,497.07
748,496.76,497.35,508.22
749,497.28,497.60,503.74
750,497.79,498.00,498.54
751,498.40,498.66,499.03
752,499.03,499.27,499.89
753,499.53,499.81,500.36
754,500.10,500.38,500.92
755,500.64,500.89,501.54
756,501.17,501.38,501.74
757,501.69,502.07,510.33
758,502.16,502.56,510.30
759,502.62,502.94,503.23
760,502.98,503.41,503.95
761,503.57,503.86,504.49
762,504.09,504.63,515.66
763,504.77,505.01,505.74
764,505.39,505.64,506.19
765,506.02,506.25,506.84
766,506.65,507.00,514.87
767,507.02,507.38,507.90
768,507.79,508.19,515.88
769,508.43,508.72,509.47
770,508.79,509.05,509.77
771,509.35,509.62,509.94
772,509.83,510.12,510.58
773,510.49,510.71,511.18
774,510.91,511.32,519.30
775,511.33,511.76,518.19
776,511.81,512.13,512.63
777,512.23,512.47,513.40
778,512.52,512.79,513.25
779,512.92,513.20,513.64
780,513.54,513.75,514.43
781,513.89,514.30,525.05
782,514.30,514.51,515.11
783,514.87,515.74,518.61
784,516.04,516.29,516.76
785,516.37,516.79,522.29
786,516.89,517.12,517.65
787,517.17,517.48,517.91
788,517.61,518.09,526.10
789,518.05,518.44,526.02
790,518.38,518.77,526.55
791,518.69,519.02,519.32
792,519.27,519.51,522.63
793,519.58,520.01,528.25
794,520.13,520.35,520.92
795,520.98,521.20,521.52
796,521.84,522.15,525.33
797,522.74,523.18,534.13
798,523.43,523.68,524.50
799,524.12,524.34,524.81
800,524.79,525.03,525.45
