ICOUNT,MIN,AVG,MAX
16,94.22,95.53,111.14
17,94.30,94.47,94.70
18,94.40,94.55,95.20
19,94.39,94.54,95.25
20,94.39,94.58,95.30
21,94.46,94.63,95.48
22,94.37,94.60,95.27
23,94.53,94.66,94.79
24,94.52,94.69,94.91
25,94.61,94.82,95.89
26,94.69,94.82,95.02
27,94.67,94.88,95.02
28,94.86,95.23,97.12
29,94.78,94.95,95.10
30,94.80,94.99,95.98
31,94.83,94.97,95.13
32,94.81,94.96,95.11
33,94.75,94.92,95.56
34,94.83,94.98,95.19
35,95.36,95.49,95.69
36,95.42,95.57,95.76
37,95.44,95.61,95.77
38,95.38,95.56,96.22
39,95.52,95.64,95.86
40,95.41,95.80,97.36
41,95.48,95.65,95.83
42,95.41,95.76,97.41
43,95.42,95.63,95.77
44,95.42,95.65,95.89
45,95.40,95.57,95.76
46,95.41,95.63,96.31
47,95.40,95.59,95.80
48,95.52,95.71,95.87
49,96.34,96.57,97.40
50,96.70,96.87,97.02
51,96.67,96.86,97.05
52,96.69,96.85,97.05
53,96.65,96.88,97.03
54,96.72,96.98,98.52
55,96.74,96.90,97.61
56,96.73,96.90,97.10
57,96.71,96.89,97.05
58,96.67,96.88,97.10
59,96.68,96.85,97.02
60,96.68,96.85,96.99
61,96.71,96.85,96.96
62,96.67,96.84,97.05
63,96.57,96.80,96.98
64,96.63,96.80,96.98
65,96.51,96.78,96.92
66,96.64,96.81,96.97
67,96.70,96.90,97.52
68,96.63,96.84,96.99
69,96.76,96.89,97.03
70,96.70,96.81,96.95
71,96.77,96.90,97.07
72,96.77,96.96,97.13
73,96.72,96.93,97.15
74,96.65,96.84,97.03
75,96.69,96.85,97.04
76,96.74,96.96,98.27
77,96.76,96.98,97.16
78,98.17,98.75,99.11
79,99.03,99.32,99.64
80,99.78,99.99,101.62
81,99.84,100.01,100.23
82,99.99,100.16,100.42
83,99.98,100.20,100.86
84,99.99,100.25,100.41
85,100.06,100.28,101.67
86,100.09,100.29,100.45
87,100.06,100.34,100.55
88,100.13,100.35,100.55
89,100.17,100.38,100.60
90,100.17,100.33,100.53
91,100.16,100.40,100.61
92,100.19,100.39,100.58
93,100.18,100.42,100.54
94,100.22,100.47,102.17
95,100.35,100.52,100.70
96,100.35,100.66,102.34
97,99.96,100.20,100.49
98,100.28,100.47,100.66
99,100.21,100.41,100.60
100,100.27,100.45,100.66
101,100.27,100.50,100.69
102,100.25,100.53,101.25
103,100.41,100.56,100.72
104,100.34,100.60,100.80
105,100.37,100.58,100.83
106,100.51,100.71,100.87
107,100.59,100.93,102.74
108,100.66,100.85,101.04
109,100.70,101.07,102.50
110,100.70,100.85,101.17
111,100.70,100.88,101.05
112,100.75,100.93,101.12
113,100.72,100.94,101.11
114,100.89,101.03,101.19
115,100.87,101.10,101.36
116,101.10,101.70,102.73
117,102.50,102.87,103.22
118,103.95,104.27,104.53
119,104.83,105.01,105.20
120,104.92,105.24,107.02
121,105.11,105.25,105.45
122,105.17,105.35,105.51
123,105.35,105.54,105.67
124,105.41,105.61,105.79
125,105.51,105.66,105.87
126,105.55,105.82,105.99
127,105.76,105.96,106.13
128,105.92,106.12,106.83
129,106.06,106.22,106.43
130,106.22,106.48,106.66
131,106.49,106.65,106.88
132,106.60,106.82,109.31
133,106.73,106.94,107.11
134,106.95,107.17,107.29
135,107.15,107.27,107.39
136,107.31,107.49,107.66
137,107.54,107.68,107.82
138,107.68,107.89,108.06
139,107.97,108.10,108.23
140,108.07,108.24,108.38
141,108.31,108.50,110.50
142,108.54,108.67,108.89
143,108.66,108.81,109.00
144,108.75,108.87,109.01
145,108.79,108.95,109.11
146,108.94,109.08,109.21
147,109.01,109.17,109.31
148,109.05,109.25,109.42
149,109.16,109.34,109.85
150,109.22,109.38,109.50
151,109.40,109.52,109.71
152,109.41,109.67,109.87
153,109.61,109.84,110.02
154,109.68,109.87,110.16
155,109.91,110.04,110.20
156,110.06,110.22,110.40
157,110.31,110.58,112.97
158,110.49,110.69,110.93
159,110.61,111.04,116.32
160,110.65,110.84,110.96
161,110.82,111.04,114.00
162,111.07,111.21,111.37
163,111.26,111.47,111.63
164,111.52,111.70,111.95
165,111.71,111.98,112.15
166,112.05,112.20,112.40
167,112.30,112.46,112.62
168,112.53,112.67,112.85
169,112.72,113.44,119.73
170,113.24,113.41,113.60
171,113.59,114.23,120.63
172,113.96,114.15,114.38
173,114.42,114.68,114.99
174,115.11,115.32,115.57
175,115.60,115.80,116.13
176,116.13,116.35,116.60
177,116.67,116.82,116.97
178,117.10,117.24,117.37
179,117.41,117.57,117.99
180,117.68,118.17,124.11
181,118.05,118.38,118.63
182,118.44,118.63,118.83
183,118.91,119.02,119.23
184,119.09,119.37,123.60
185,119.34,119.55,119.72
186,119.68,119.83,119.96
187,119.98,120.10,120.26
188,120.13,120.49,126.07
189,120.66,120.82,121.01
190,121.03,121.33,121.57
191,121.60,121.87,130.58
192,122.04,122.21,122.42
193,122.40,122.61,122.82
194,122.87,123.06,123.30
195,123.34,123.53,123.83
196,123.97,124.12,124.96
197,124.44,124.60,124.74
198,124.98,125.14,125.40
199,125.45,125.62,125.82
200,125.90,126.11,126.28
201,126.47,126.64,126.89
202,126.83,127.18,129.19
203,127.44,127.59,127.85
204,127.94,128.15,128.34
205,128.42,128.64,130.23
206,128.85,129.02,129.17
207,129.42,129.60,129.96
208,129.83,130.04,130.21
209,130.21,130.52,131.12
210,130.85,131.00,131.16
211,131.21,131.50,131.77
212,131.91,132.30,137.57
213,132.64,132.81,132.99
214,133.12,133.96,145.69
215,133.60,133.91,137.97
216,134.20,134.43,134.67
217,134.71,134.97,135.19
218,135.34,135.57,135.82
219,136.04,136.28,136.57
220,136.83,137.19,144.03
221,137.55,137.70,137.87
222,138.20,138.94,147.73
223,138.78,139.05,139.24
224,139.28,140.10,150.91
225,139.79,139.97,140.32
226,140.37,140.56,141.05
227,140.72,140.88,141.08
228,141.12,141.46,151.07
229,141.62,141.82,142.01
230,142.34,142.56,142.75
231,145.02,147.77,155.92
232,148.27,149.32,150.28
233,159.00,159.82,160.58
234,169.98,173.53,176.81
235,179.68,184.11,186.34
236,186.04,189.94,194.92
237,195.35,196.24,196.83
238,196.32,196.73,197.00
239,196.61,196.83,197.15
240,196.70,196.95,197.19
241,196.86,197.12,199.45
242,197.09,197.31,197.54
243,197.13,197.48,200.29
244,197.36,197.56,197.81
245,197.63,197.83,198.27
246,197.68,198.05,200.98
247,197.91,198.17,198.40
248,198.16,198.42,198.89
249,198.29,198.47,198.75
250,198.52,198.71,198.98
251,198.65,198.85,201.58
252,198.70,199.12,201.29
253,198.95,199.51,203.64
254,198.99,199.32,199.59
255,199.32,199.53,199.72
256,199.50,199.76,200.08
257,199.61,199.84,200.10
258,199.81,200.07,200.34
259,199.97,200.53,203.90
260,200.37,200.78,205.32
261,200.40,200.69,202.12
262,200.61,200.88,201.14
263,200.71,200.98,201.23
264,200.88,201.09,201.33
265,201.06,201.33,202.73
266,201.17,201.54,204.72
267,201.44,201.67,202.10
268,201.58,201.78,202.14
269,201.68,201.91,202.14
270,201.79,202.09,202.64
271,202.03,202.24,202.50
272,202.22,202.51,205.37
273,202.19,202.43,202.81
274,202.36,202.67,202.98
275,202.61,202.84,203.05
276,202.73,203.04,203.38
277,203.01,203.25,203.51
278,203.21,203.40,203.61
279,203.34,203.52,203.87
280,203.46,203.69,206.52
281,203.42,203.78,204.03
282,203.56,203.82,204.03
283,203.72,204.00,204.34
284,203.83,204.09,204.29
285,204.06,204.33,206.40
286,204.17,204.65,209.03
287,204.20,204.42,207.65
288,204.34,204.52,204.76
289,204.46,204.71,208.40
290,204.56,204.80,205.04
291,204.58,205.07,208.89
292,205.04,205.21,205.58
293,204.97,205.46,210.67
294,205.09,205.44,208.32
295,205.30,205.54,205.84
296,205.47,205.70,205.88
297,205.67,205.84,206.09
298,205.77,206.16,209.82
299,205.85,206.11,206.33
300,206.02,206.24,210.33
301,206.09,206.41,210.64
302,206.20,206.51,211.05
303,206.39,206.56,207.60
304,206.49,206.82,211.47
305,206.79,206.99,207.20
306,206.82,207.18,210.53
307,207.04,207.26,207.45
308,207.29,207.47,207.64
309,207.39,207.66,211.91
310,207.53,207.75,207.92
311,207.71,207.99,212.88
312,207.94,208.12,208.33
313,208.04,208.27,208.52
314,208.26,208.43,208.63
315,208.47,208.78,214.11
316,208.60,208.88,209.14
317,208.92,209.24,211.76
318,209.09,209.70,218.73
319,209.17,209.35,210.36
320,209.37,209.56,209.79
321,209.51,209.76,210.02
322,209.73,210.05,214.50
323,209.97,210.43,215.39
324,210.47,210.96,220.53
325,210.36,210.64,211.43
326,210.64,210.82,211.19
327,210.74,210.94,211.24
328,210.93,211.12,212.17
329,210.92,211.21,211.41
330,211.23,211.91,218.19
331,211.66,211.84,212.17
332,211.74,211.94,212.81
333,212.04,212.22,212.49
334,212.21,212.40,213.25
335,212.35,212.56,212.84
336,212.46,212.78,220.31
337,212.60,212.76,212.97
338,212.91,213.07,213.29
339,213.15,213.38,213.58
340,213.41,213.77,219.49
341,213.70,213.92,214.09
342,214.21,214.63,223.92
343,214.31,214.56,214.72
344,214.82,215.01,215.48
345,215.25,215.47,215.70
346,215.74,216.03,221.08
347,216.19,216.44,216.70
348,216.70,217.06,220.83
349,217.23,217.93,227.20
350,217.64,217.90,218.21
351,218.15,218.31,218.56
352,218.58,218.84,219.56
353,219.10,219.29,219.49
354,219.57,220.20,225.98
355,220.13,220.96,234.99
356,220.68,220.89,221.37
357,220.96,221.24,221.40
358,221.37,221.65,221.95
359,221.87,222.08,222.27
360,222.15,222.91,231.16
361,222.51,222.68,222.91
362,222.86,223.07,223.46
363,223.22,223.42,223.63
364,223.48,223.73,224.21
365,223.94,224.11,224.75
366,224.16,224.53,233.37
367,224.54,224.77,225.04
368,224.84,225.11,225.36
369,225.01,225.27,225.56
370,225.57,225.89,235.03
371,225.85,226.12,226.36
372,226.30,226.50,227.04
373,226.78,226.93,227.26
374,227.11,227.35,228.82
375,227.56,227.76,227.96
376,227.94,228.27,229.11
377,228.48,228.74,229.03
378,229.01,229.45,237.14
379,229.57,230.31,242.91
380,229.96,230.26,236.39
381,230.27,230.59,231.16
382,230.83,231.06,231.41
383,231.29,231.50,231.70
384,231.79,232.58,244.06
385,232.07,232.94,248.74
386,232.58,232.80,233.50
387,233.03,233.30,234.05
388,233.55,233.75,233.98
389,233.92,234.68,242.31
390,234.36,234.62,234.89
391,234.83,235.06,236.23
392,235.30,235.51,236.20
393,235.79,235.97,236.47
394,236.25,236.44,237.05
395,236.67,237.02,242.88
396,237.07,237.31,237.74
397,237.60,237.77,238.10
398,238.05,238.24,238.43
399,238.55,238.92,249.52
400,239.05,239.25,239.44
401,239.38,239.65,241.22
402,239.90,240.23,243.93
403,240.48,240.68,241.15
404,240.84,241.29,251.74
405,241.31,241.57,241.94
406,241.85,242.46,252.98
407,242.30,243.36,261.47
408,242.82,243.11,246.79
409,243.39,243.62,243.92
410,243.79,244.01,244.51
411,244.36,244.57,245.41
412,244.99,246.13,264.27
413,245.54,245.87,252.54
414,246.03,246.31,246.56
415,246.62,246.84,250.49
416,247.00,247.16,247.36
417,247.48,248.13,257.18
418,247.94,248.14,248.84
419,248.36,248.66,252.86
420,248.82,249.04,249.44
421,249.33,249.58,250.38
422,249.96,250.14,250.61
423,250.33,250.54,250.86
424,250.77,251.05,251.31
425,251.33,251.53,251.69
426,251.87,252.33,263.07
427,252.51,252.78,253.27
428,253.11,253.37,253.63
429,253.71,253.92,254.60
430,254.24,254.44,254.63
431,254.76,255.19,265.93
432,255.29,255.49,255.75
433,255.86,256.56,263.91
434,256.35,257.04,267.58
435,256.93,257.15,257.43
436,257.47,257.71,258.30
437,258.02,258.28,258.83
438,258.61,259.60,269.56
439,259.11,259.94,273.66
440,259.66,259.86,260.19
441,260.18,260.59,271.43
442,260.87,261.03,261.21
443,261.36,262.09,272.69
444,262.05,262.23,262.47
445,262.60,262.79,263.12
446,263.13,263.40,264.97
447,263.65,264.04,274.90
448,264.06,264.31,264.58
449,264.51,264.70,264.89
450,264.92,265.29,266.07
451,265.58,265.83,267.43
452,266.09,266.33,266.49
453,266.48,266.75,267.21
454,266.90,267.12,267.60
455,267.35,267.57,268.24
456,267.65,267.85,268.18
457,268.31,268.51,268.99
458,268.66,269.29,273.63
459,269.42,270.29,284.42
460,270.06,270.38,278.24
461,270.69,270.90,271.61
462,271.16,271.38,271.66
463,271.68,272.84,283.89
464,272.00,273.09,293.82
465,272.26,272.50,272.70
466,272.78,272.98,273.47
467,273.24,273.41,273.72
468,273.61,274.41,284.69
469,274.00,274.22,274.56
470,274.42,274.60,275.27
471,274.84,275.10,277.10
472,275.42,275.70,277.84
473,275.91,276.18,276.69
474,276.59,276.83,277.15
475,277.26,277.46,277.69
476,277.91,278.12,278.73
477,278.50,278.70,279.42
478,278.86,279.10,279.34
479,279.40,279.83,285.86
480,279.94,280.17,280.79
481,280.37,280.68,280.85
482,281.05,281.77,293.01
483,281.52,282.46,304.09
484,282.14,282.35,283.09
485,282.73,283.12,294.60
486,283.28,283.49,283.78
487,283.88,285.30,305.43
488,284.30,284.57,285.38
489,284.93,285.12,285.35
490,285.42,285.66,288.33
491,285.85,286.65,300.89
492,286.38,286.58,286.88
493,286.97,287.18,291.50
494,287.42,287.82,299.84
495,287.94,288.10,288.94
496,288.30,288.51,288.74
497,288.72,289.09,300.85
498,289.24,289.42,289.63
499,289.67,289.96,290.52
500,290.21,290.46,291.32
501,290.69,290.92,291.17
502,291.27,291.52,292.04
503,291.85,292.04,292.29
504,292.37,292.79,304.52
505,292.82,293.32,299.28
506,293.28,294.35,317.17
507,293.85,294.23,305.56
508,294.33,294.76,302.31
509,294.84,295.28,307.09
510,295.35,296.98,325.33
511,296.01,296.25,296.83
512,296.62,296.81,297.31
513,296.88,297.16,297.41
514,297.56,298.30,310.29
515,298.11,298.34,299.07
516,298.70,298.91,299.18
517,299.33,299.59,299.87
518,299.97,300.40,311.99
519,300.59,300.86,301.07
520,301.34,301.58,302.27
521,301.95,302.39,311.46
522,302.56,302.83,303.06
523,303.09,303.61,315.00
524,303.87,304.11,304.60
525,304.37,304.64,304.96
526,304.99,305.38,317.07
527,305.60,306.00,311.70
528,306.07,307.07,327.51
529,306.47,307.06,318.42
530,307.21,307.62,318.98
531,307.72,308.01,308.67
532,308.20,309.68,332.68
533,308.52,308.83,309.52
534,309.09,309.30,309.89
535,309.55,309.79,310.00
536,309.97,310.87,324.50
537,310.76,311.03,311.89
538,311.29,311.57,311.96
539,311.97,312.42,324.58
540,312.62,313.08,325.11
541,313.37,313.75,325.85
542,314.04,314.21,314.45
543,314.51,314.82,315.35
544,315.13,315.48,315.88
545,315.80,316.10,316.38
546,316.58,316.87,317.67
547,317.31,317.53,318.30
548,317.81,318.28,323.80
549,318.59,319.57,346.52
550,319.05,319.30,321.01
551,319.55,319.79,320.28
552,320.03,320.21,320.48
553,320.51,322.31,347.22
554,320.86,321.17,326.04
555,321.31,321.50,321.99
556,321.53,321.76,322.05
557,321.85,322.57,337.41
558,322.20,322.41,322.72
559,322.52,322.94,333.79
560,322.89,323.08,323.70
561,323.11,323.49,333.91
562,323.56,323.77,324.29
563,323.84,324.03,324.23
564,324.15,324.40,326.28
565,324.58,324.84,330.13
566,324.98,325.14,325.69
567,325.37,325.59,326.23
568,325.88,326.15,330.83
569,326.52,327.02,333.78
570,326.89,327.90,358.39
571,327.60,327.81,328.02
572,328.19,328.41,329.07
573,328.72,329.47,342.35
574,328.95,329.93,354.10
575,329.29,329.46,329.71
576,329.42,329.93,342.29
577,329.73,330.92,343.45
578,330.06,330.26,330.76
579,330.34,330.56,330.83
580,330.80,331.42,343.76
581,331.21,331.59,344.19
582,331.55,331.89,334.61
583,331.87,332.41,341.38
584,332.46,332.85,345.68
585,332.71,332.95,333.52
586,333.00,333.31,336.63
587,333.26,333.45,333.72
588,333.64,333.88,334.56
589,334.32,334.82,342.98
590,334.70,336.02,363.01
591,335.46,335.75,336.03
592,336.49,336.74,337.55
593,337.51,338.56,353.33
594,338.40,339.58,369.15
595,339.05,339.36,339.85
596,339.74,340.25,352.75
597,340.45,341.47,353.66
598,341.05,341.23,342.01
599,341.73,341.89,342.33
600,342.22,342.51,343.16
601,342.83,343.11,344.41
602,343.56,343.82,344.57
603,344.21,344.41,344.98
604,344.68,344.89,345.14
605,345.22,345.67,358.01
606,345.87,346.08,346.93
607,346.28,346.71,359.00
608,346.89,347.27,356.21
609,347.47,348.60,372.55
610,347.84,348.07,349.06
611,348.41,348.77,357.02
612,348.93,349.79,364.14
613,349.38,350.60,382.78
614,349.82,350.06,350.26
615,350.35,350.57,350.92
616,350.90,351.87,364.63
617,351.28,351.52,353.79
618,351.72,351.95,352.74
619,352.24,352.47,353.05
620,352.67,352.91,353.50
621,353.18,353.39,353.99
622,353.61,353.98,366.43
623,353.99,354.25,354.54
624,354.46,354.69,354.87
625,354.88,355.14,355.91
626,355.39,355.77,368.69
627,355.88,356.25,364.09
628,356.25,357.33,390.08
629,356.68,356.90,357.11
630,357.07,357.50,370.49
631,357.61,358.68,374.65
632,357.99,359.13,392.40
633,358.56,358.84,361.51
634,358.98,359.23,359.56
635,359.57,360.59,373.53
636,359.98,360.19,360.60
637,360.50,360.93,373.69
638,361.00,361.21,361.89
639,361.49,361.73,361.92
640,362.11,362.54,375.85
641,362.55,363.02,375.92
642,363.33,363.85,376.69
643,364.06,364.47,377.55
644,364.60,364.83,365.31
645,365.14,365.43,365.77
646,365.85,367.17,400.02
647,366.52,366.88,373.78
648,367.20,367.47,370.73
649,367.83,368.86,382.48
650,368.62,369.69,399.25
651,369.28,369.60,370.13
652,370.12,370.41,371.27
653,370.97,371.88,383.70
654,371.79,372.04,372.65
655,372.34,372.68,372.90
656,373.23,373.51,374.19
657,373.80,374.16,374.40
658,374.71,375.01,375.80
659,375.45,375.90,388.40
660,376.15,376.54,387.16
661,376.74,377.00,377.56
662,377.25,377.52,378.12
663,377.86,378.31,387.45
664,378.32,379.37,407.47
665,378.68,379.01,381.55
666,379.10,379.39,379.72
667,379.66,381.33,413.57
668,380.10,380.42,383.86
669,380.53,380.78,381.13
670,380.95,381.89,395.23
671,381.39,381.65,381.93
672,381.96,382.27,382.78
673,382.59,382.82,383.69
674,383.26,383.71,394.70
675,383.86,384.11,384.64
676,384.29,384.77,397.45
677,384.68,385.04,385.46
678,385.30,385.70,395.06
679,385.74,386.00,386.25
680,386.22,386.50,389.14
681,386.93,388.29,423.30
682,387.45,387.85,398.72
683,387.85,388.23,388.92
684,388.63,389.56,402.81
685,389.16,390.27,421.67
686,389.56,389.84,390.37
687,390.11,390.33,390.55
688,390.90,391.69,415.59
689,391.28,391.71,404.22
690,391.85,392.30,401.07
691,392.54,392.95,405.48
692,393.15,393.56,403.08
693,393.55,394.02,406.18
694,394.04,394.41,407.04
695,394.44,394.86,407.62
696,394.72,395.15,407.70
697,395.12,395.29,395.52
698,395.53,397.00,429.39
699,395.84,396.27,405.40
700,396.48,396.71,397.49
701,396.91,398.04,421.48
702,397.54,398.66,422.95
703,398.20,398.66,411.29
704,398.98,399.84,412.66
705,399.51,399.76,400.66
706,400.00,400.27,400.86
707,400.62,400.86,401.63
708,400.97,401.18,404.16
709,401.22,401.47,404.06
710,401.53,401.82,404.98
711,401.98,402.17,402.79
712,402.36,402.75,415.43
713,402.79,403.01,403.90
714,403.38,403.85,414.60
715,403.70,405.20,433.87
716,404.33,404.60,404.84
717,404.93,405.98,429.74
718,405.37,406.61,435.47
719,405.88,406.12,406.67
720,406.24,406.78,419.40
721,406.78,407.63,430.45
722,407.25,407.61,413.48
723,407.81,408.17,420.74
724,408.32,408.54,409.35
725,408.90,409.16,409.70
726,409.47,409.77,410.43
727,410.18,410.43,411.02
728,410.81,411.10,411.76
729,411.46,411.97,421.18
730,412.13,412.55,418.78
731,412.86,413.93,445.63
732,413.26,413.47,414.10
733,413.76,413.97,414.56
734,414.33,416.08,451.49
735,414.74,415.12,424.60
736,415.40,415.64,418.77
737,415.85,416.80,441.23
738,416.46,416.74,417.32
739,417.11,417.29,417.99
740,417.61,417.83,418.56
741,418.18,418.41,419.00
742,418.62,419.12,432.09
743,419.30,419.77,426.56
744,419.80,420.31,433.33
745,420.32,420.78,433.84
746,420.96,421.35,428.19
747,421.44,422.71,459.99
748,422.02,422.25,422.92
749,422.64,423.79,450.00
750,423.24,424.57,457.94
751,423.73,424.06,424.53
752,424.40,424.70,432.53
753,424.87,425.69,449.17
754,425.30,425.54,426.09
755,425.79,426.46,438.66
756,426.24,426.45,426.97
757,426.66,426.88,427.56
758,427.08,427.28,428.02
759,427.62,428.23,441.11
760,428.05,428.33,434.08
761,428.50,428.72,429.53
762,428.99,430.35,455.84
763,429.45,429.69,430.34
764,429.85,430.24,436.40
765,430.30,432.35,459.95
766,430.73,430.97,431.54
767,431.19,431.43,432.07
768,431.74,432.58,447.93
769,432.24,432.71,444.64
770,432.96,433.36,446.64
771,433.50,433.95,442.26
772,434.05,434.48,447.48
773,434.61,435.12,448.05
774,435.18,435.43,436.03
775,435.50,435.84,441.27
776,436.05,436.46,449.62
777,436.31,436.80,444.21
778,436.57,437.70,471.02
779,436.98,437.15,438.01
780,437.19,438.13,466.53
781,437.60,439.11,483.54
782,437.99,438.29,438.57
783,438.68,439.57,459.17
784,439.25,439.47,440.08
785,439.63,440.13,453.39
786,440.31,440.54,441.20
787,440.93,441.17,441.84
788,441.52,441.73,442.34
789,442.07,442.32,443.00
790,442.59,442.91,446.00
791,443.34,443.54,443.93
792,443.84,444.38,452.09
793,444.56,445.66,477.30
794,445.07,445.30,446.08
795,445.76,446.72,470.62
796,446.37,447.48,490.95
797,447.01,447.26,448.09
798,447.51,448.70,472.93
799,448.26,448.55,449.27
800,448.98,449.23,450.07
