ICOUNT,MIN,AVG,MAX
16,162.60,177.23,189.15
17,112.59,132.89,162.69
18,113.14,113.39,114.58
19,113.78,114.11,114.36
20,114.07,114.29,115.40
21,114.04,114.28,115.55
22,114.04,114.25,114.45
23,114.08,115.23,116.27
24,115.34,115.80,116.84
25,115.46,115.69,116.00
26,98.15,99.97,116.15
27,98.09,98.29,98.61
28,98.03,98.27,99.22
29,98.38,98.58,98.74
30,99.12,99.33,99.65
31,100.82,101.09,101.28
32,101.03,101.21,101.44
33,101.04,101.29,102.23
34,101.09,101.28,101.43
35,101.11,101.29,101.44
36,101.22,101.35,101.50
37,101.29,101.59,103.19
38,101.16,101.40,101.59
39,101.23,101.41,102.33
40,101.20,101.36,101.56
41,101.16,101.31,101.58
42,101.16,101.30,101.56
43,101.13,101.40,101.59
44,101.30,101.53,101.76
45,102.22,102.44,102.77
46,104.72,104.86,105.07
47,107.51,107.83,108.69
48,108.59,108.78,109.02
49,109.05,109.27,109.56
50,109.47,109.78,109.99
51,109.90,110.07,110.38
52,110.17,110.42,110.67
53,110.65,110.86,111.17
54,111.11,111.31,111.58
55,111.71,111.93,112.18
56,112.05,112.23,112.38
57,112.38,112.62,113.64
58,112.74,112.96,113.11
59,113.04,113.34,113.55
60,113.46,113.84,114.02
61,114.13,114.34,114.50
62,114.54,114.80,115.03
63,115.01,115.19,115.42
64,115.34,115.58,115.83
65,115.64,115.91,116.11
66,116.03,116.25,116.39
67,116.40,116.57,116.70
68,116.84,117.02,117.29
69,117.16,117.36,118.17
70,117.63,117.79,118.03
71,117.98,118.26,118.46
72,118.50,118.77,118.97
73,119.17,119.37,119.64
74,119.90,120.14,120.37
75,120.25,120.53,120.72
76,120.96,121.16,121.45
77,121.65,121.84,122.01
78,122.37,122.57,122.84
79,123.00,123.25,123.48
80,123.75,123.93,124.16
81,124.29,124.57,124.75
82,124.97,125.67,126.84
83,125.82,126.12,126.39
84,126.43,126.74,127.78
85,127.19,127.54,127.95
86,128.11,128.35,128.66
87,128.79,129.01,129.30
88,129.85,130.14,130.40
89,131.41,131.70,131.96
90,133.76,134.03,134.54
91,147.99,148.36,148.61
92,164.24,165.18,171.36
93,171.70,176.85,185.12
94,197.59,197.86,198.15
95,198.78,199.19,199.56
96,199.72,200.23,200.51
97,200.28,200.65,201.04
98,200.79,201.12,201.60
99,201.24,201.70,202.66
100,201.43,203.24,206.88
101,203.68,204.16,204.67
102,203.87,204.24,204.63
103,203.93,204.31,204.72
104,203.98,204.38,204.72
105,204.38,204.69,205.21
106,204.69,204.99,205.38
107,205.00,205.38,205.88
108,205.15,205.60,205.88
109,205.68,206.13,206.42
110,206.22,206.71,206.99
111,206.62,206.94,207.29
112,207.18,207.41,207.76
113,207.36,207.63,207.85
114,207.78,208.09,208.86
115,208.08,208.35,208.66
116,208.23,208.43,208.73
117,208.56,209.06,209.47
118,209.18,209.51,209.98
119,209.78,210.15,210.52
120,210.08,210.51,210.92
121,210.39,210.70,211.15
122,210.84,211.15,211.46
123,210.98,211.30,211.57
124,211.45,211.90,214.90
125,211.85,212.26,213.29
126,212.05,212.34,212.55
127,212.59,212.84,213.18
128,212.79,213.05,213.33
129,213.08,213.42,213.77
130,213.45,213.76,214.18
131,213.68,214.57,216.83
132,214.28,214.69,215.04
133,214.35,214.74,215.36
134,215.02,215.27,215.56
135,215.43,215.79,216.10
136,215.97,216.27,216.50
137,216.23,216.71,217.06
138,216.93,217.70,219.70
139,217.40,217.74,218.13
140,217.58,218.20,218.52
141,218.30,218.69,219.04
142,218.85,219.22,219.56
143,219.59,219.90,220.17
144,220.07,220.46,220.77
145,220.48,220.81,221.26
146,221.16,221.51,222.11
147,221.68,222.11,222.42
148,222.36,222.69,223.02
149,223.16,223.48,223.76
150,223.69,223.93,224.23
151,224.37,224.64,225.00
152,224.99,225.29,225.50
153,225.78,226.08,226.47
154,226.35,226.76,227.12
155,227.24,227.58,227.86
156,227.85,228.07,228.42
157,228.43,228.85,229.87
158,229.14,229.41,229.87
159,229.66,229.99,230.32
160,230.42,230.93,234.66
161,231.16,231.61,233.24
162,231.46,231.91,232.31
163,232.16,232.56,233.12
164,233.08,233.38,233.78
165,233.55,233.82,234.18
166,234.17,234.74,236.74
167,235.43,236.06,239.33
168,235.75,236.12,236.51
169,236.47,236.73,237.05
170,237.15,237.46,237.79
171,237.79,238.16,238.53
172,238.35,238.86,240.23
173,239.45,240.84,243.91
174,242.09,242.42,242.85
175,242.27,242.63,242.92
176,242.78,243.10,243.39
177,243.19,243.60,243.85
178,243.66,244.14,244.55
179,244.53,244.87,245.24
180,244.76,245.15,245.81
181,245.33,245.71,246.09
182,245.74,246.12,246.42
183,246.53,246.75,247.09
184,247.00,247.32,247.53
185,247.82,248.11,248.90
186,248.48,248.76,249.10
187,249.16,249.47,250.04
188,249.92,250.32,250.61
189,250.76,251.11,251.59
190,251.36,251.67,252.05
191,252.06,252.32,252.66
192,252.59,252.90,253.30
193,253.27,254.31,257.59
194,254.34,254.69,255.05
195,254.76,255.17,255.70
196,255.62,256.07,256.37
197,256.43,256.74,257.19
198,256.74,257.18,257.71
199,257.89,258.75,261.57
200,258.04,258.42,258.78
201,258.98,259.28,259.59
202,259.59,259.97,260.26
203,260.12,260.54,260.88
204,260.93,261.61,263.55
205,261.62,261.92,263.56
206,262.32,262.55,263.03
207,262.88,263.18,263.53
208,263.53,263.87,264.26
209,264.20,264.64,264.90
210,265.17,265.49,265.85
211,266.15,266.46,266.71
212,266.70,267.01,267.25
213,267.32,267.66,268.06
214,268.17,268.38,268.61
215,268.66,268.98,269.54
216,269.13,269.47,270.14
217,269.80,270.14,270.49
218,270.54,270.82,271.27
219,271.03,271.52,271.93
220,271.85,272.23,272.69
221,272.76,273.05,273.30
222,273.23,273.64,273.97
223,274.09,274.70,278.18
224,274.41,274.88,275.26
225,275.18,275.47,275.85
226,275.52,275.89,276.21
227,276.29,276.55,276.83
228,276.93,277.72,281.43
229,277.75,278.22,280.00
230,278.19,278.51,278.87
231,278.85,279.20,279.49
232,279.28,279.77,280.22
233,280.16,280.79,282.72
234,281.14,281.56,282.82
235,282.45,282.88,283.22
236,283.08,283.46,284.02
237,283.79,284.10,284.39
238,284.33,284.66,285.13
239,284.88,285.21,285.52
240,285.67,285.92,286.19
241,286.77,287.08,287.36
242,287.38,287.68,288.17
243,287.82,288.27,288.83
244,288.53,288.97,289.88
245,289.10,289.50,289.83
246,289.83,290.16,290.40
247,290.46,290.94,291.31
248,291.48,291.93,292.39
249,292.48,292.71,293.03
250,292.86,293.20,293.48
251,293.55,294.39,297.95
252,294.41,294.67,294.98
253,294.98,295.29,295.68
254,295.92,296.20,296.62
255,296.42,296.73,296.97
256,297.36,298.24,301.96
257,297.79,298.08,298.49
258,298.34,298.59,298.85
259,298.52,299.06,299.56
260,299.50,299.76,300.10
261,300.18,300.95,302.69
262,300.37,300.86,301.44
263,300.63,301.17,301.59
264,301.87,302.26,302.66
265,302.45,302.82,303.24
266,302.97,303.32,303.66
267,303.79,304.21,304.53
268,304.69,305.04,305.42
269,305.27,305.58,305.96
270,306.10,306.46,306.90
271,306.75,307.05,307.86
272,307.21,307.57,307.85
273,307.72,308.17,308.57
274,308.57,308.95,309.38
275,309.53,309.85,310.25
276,310.19,310.37,310.74
277,310.87,311.91,316.31
278,312.67,312.96,313.49
279,313.02,313.37,313.73
280,313.56,313.94,314.23
281,314.41,314.69,315.02
282,315.01,315.98,320.04
283,315.24,315.75,316.12
284,315.98,316.34,316.81
285,316.38,316.83,317.17
286,317.12,317.70,319.68
287,317.86,318.24,318.63
288,318.56,318.79,319.05
289,318.79,319.13,319.48
290,319.41,319.86,320.22
291,319.99,320.40,320.82
292,320.82,321.12,321.52
293,321.16,321.64,322.10
294,321.52,321.96,322.43
295,322.08,322.77,323.44
296,323.24,323.60,324.97
297,323.99,324.43,324.89
298,325.25,325.66,325.97
299,325.86,326.36,326.87
300,326.60,326.99,327.60
301,327.11,327.54,328.15
302,328.01,329.32,334.81
303,329.48,329.98,330.48
304,330.10,330.43,330.79
305,330.61,331.04,331.46
306,331.50,332.23,336.19
307,332.45,332.88,334.27
308,332.67,333.06,333.45
309,333.39,333.72,334.19
310,334.18,334.53,334.88
311,335.27,336.20,337.77
312,336.00,336.32,336.68
313,336.57,336.96,337.36
314,336.94,337.29,337.63
315,337.42,337.89,338.16
316,337.98,338.33,338.83
317,337.08,339.19,339.75
318,337.63,337.96,338.22
319,338.30,338.65,338.99
320,339.31,339.63,340.74
321,340.16,340.53,340.92
322,340.94,341.36,341.79
323,341.51,341.91,342.45
324,342.50,342.83,343.27
325,343.20,343.73,345.88
326,346.13,348.21,352.75
327,347.66,348.15,348.46
328,348.51,348.86,349.25
329,349.12,349.53,349.93
330,350.05,351.02,354.92
331,350.53,350.90,351.25
332,351.29,351.70,352.19
333,351.94,352.30,352.66
334,352.70,353.78,355.51
335,353.49,353.88,354.37
336,354.09,354.46,354.84
337,354.57,354.94,355.37
338,354.97,355.44,355.88
339,355.46,356.05,356.51
340,356.16,356.65,357.13
341,356.98,357.37,357.68
342,357.81,358.26,358.72
343,358.68,359.17,360.23
344,359.79,360.14,360.41
345,360.14,360.59,360.95
346,360.34,360.73,361.15
347,361.22,361.48,361.77
348,362.01,363.54,368.52
349,363.93,364.34,364.78
350,363.77,364.48,365.11
351,364.11,364.73,365.32
352,365.15,366.47,370.15
353,366.12,366.47,366.81
354,366.51,367.09,367.58
355,367.38,367.74,368.18
356,367.88,368.98,370.74
357,368.88,369.29,369.75
358,369.37,369.74,370.14
359,370.20,370.46,370.76
360,370.49,370.79,371.19
361,370.91,371.16,371.53
362,371.14,371.49,371.88
363,371.64,371.97,372.24
364,372.28,372.65,373.32
365,373.09,373.52,373.88
366,373.90,374.30,374.59
367,374.49,374.88,375.22
368,374.70,375.25,375.86
369,375.49,376.37,384.68
370,378.36,378.96,380.83
371,378.43,378.78,379.10
372,379.10,379.46,379.97
373,380.13,380.86,384.55
374,379.56,380.14,380.84
375,380.11,380.69,381.18
376,380.52,381.10,381.52
377,381.55,382.47,384.58
378,382.32,382.72,383.18
379,382.73,383.14,383.60
380,383.70,384.06,384.34
381,384.36,384.68,384.91
382,384.95,385.34,385.82
383,385.66,386.04,386.36
384,386.29,386.56,386.96
385,386.83,387.26,388.02
386,387.85,388.16,388.56
387,388.29,388.75,389.20
388,388.59,389.05,389.52
389,389.28,389.65,389.88
390,389.83,391.07,396.32
391,391.17,391.57,392.06
392,391.71,392.04,392.34
393,392.63,392.93,393.24
394,393.07,394.03,396.53
395,393.48,393.94,394.36
396,394.28,394.60,394.96
397,394.72,395.34,397.20
398,395.36,395.80,396.37
399,395.97,396.50,396.82
400,396.60,397.09,397.38
401,397.36,397.66,398.05
402,398.04,398.51,398.93
403,398.85,399.23,399.63
404,399.63,399.98,400.57
405,400.07,400.69,401.75
406,400.82,401.15,401.48
407,401.42,401.72,402.07
408,402.25,402.61,402.98
409,402.96,403.35,403.83
410,403.77,405.84,411.55
411,406.56,406.97,407.49
412,407.08,407.41,407.87
413,407.71,407.99,409.88
414,408.00,408.81,411.47
415,408.11,408.62,409.28
416,408.87,409.27,409.81
417,409.41,410.11,412.24
418,409.34,409.83,410.21
419,409.77,410.20,410.76
420,410.35,410.85,411.33
421,411.49,411.73,412.03
422,412.02,412.51,412.97
423,412.77,413.10,413.61
424,413.63,414.10,414.62
425,414.32,414.61,415.09
426,414.94,415.26,415.58
427,415.60,415.88,416.32
428,416.07,416.48,416.93
429,416.77,417.64,421.56
430,418.86,419.30,419.83
431,419.32,419.87,420.30
432,420.17,420.57,420.99
433,420.08,421.16,423.47
434,420.23,420.72,421.11
435,421.04,421.39,421.85
436,421.91,422.57,424.33
437,422.45,422.94,423.34
438,422.94,423.51,423.88
439,423.78,424.28,424.67
440,424.38,424.67,425.01
441,425.01,425.46,425.95
442,425.84,426.15,426.48
443,426.55,426.81,427.06
444,427.16,427.47,428.34
445,427.41,427.81,428.26
446,428.21,428.54,429.01
447,428.84,429.14,429.47
448,429.71,431.06,434.97
449,430.91,431.41,431.95
450,431.84,432.21,432.53
451,431.86,432.77,435.29
452,432.71,433.38,435.31
453,433.04,433.46,433.84
454,433.74,434.13,434.63
455,434.42,435.38,436.90
456,435.07,435.42,435.93
457,435.78,436.95,437.64
458,437.07,437.64,438.29
459,437.58,438.21,438.68
460,437.75,438.30,438.85
461,437.98,438.48,438.99
462,438.45,439.01,439.94
463,439.26,439.62,440.10
464,439.83,440.14,440.60
465,440.13,440.60,441.06
466,440.80,442.76,450.18
467,444.31,445.03,445.80
468,445.11,445.45,445.71
469,445.84,446.46,450.51
470,446.99,447.48,448.96
471,447.25,447.60,447.86
472,447.99,448.31,448.76
473,448.82,449.61,451.28
474,448.81,449.16,449.56
475,449.61,449.88,450.09
476,449.78,450.40,451.03
477,450.30,450.72,451.07
478,450.97,451.34,451.83
479,451.40,451.69,452.28
480,451.72,452.17,453.24
481,452.09,452.50,452.85
482,452.78,453.10,453.67
483,453.37,453.72,454.09
484,454.27,455.83,459.36
485,455.83,456.44,456.93
486,456.38,456.79,457.30
487,456.85,457.97,461.81
488,457.14,457.63,458.28
489,457.81,458.10,458.40
490,458.20,459.27,461.63
491,459.34,459.98,460.59
492,459.69,459.96,460.47
493,460.16,460.52,460.92
494,460.70,461.15,461.55
495,461.30,461.69,462.04
496,461.84,462.32,462.66
497,462.81,463.13,464.09
498,463.59,463.94,464.31
499,464.21,464.58,464.89
500,464.89,465.24,465.67
501,465.60,467.26,472.50
502,467.91,468.56,469.10
503,468.04,468.68,469.23
504,468.70,469.59,472.31
505,468.98,469.35,469.77
506,469.69,469.98,470.47
507,470.44,470.99,473.76
508,470.39,470.97,471.71
509,471.07,471.49,471.86
510,471.63,472.13,472.46
511,472.30,472.65,472.86
512,472.73,473.06,473.69
513,472.99,473.64,474.41
514,474.34,474.72,475.68
515,475.04,475.52,475.96
516,475.62,476.33,476.76
517,476.49,476.87,477.27
518,477.77,479.86,483.19
519,479.92,480.31,481.07
520,480.20,480.76,481.11
521,480.99,482.28,487.26
522,481.64,482.02,482.51
523,481.80,482.19,482.93
524,482.27,483.67,485.77
525,483.28,483.61,484.00
526,483.93,484.27,484.73
527,484.35,484.85,485.24
528,485.01,485.41,485.74
529,485.26,485.74,486.25
530,486.06,486.62,487.54
531,487.03,487.44,487.88
532,487.92,488.39,488.74
533,488.49,489.02,489.47
534,489.17,490.12,495.91
535,490.27,490.95,491.68
536,490.61,491.04,491.48
537,491.28,492.60,495.65
538,492.41,492.96,493.49
539,492.96,493.52,494.00
540,493.67,494.46,496.46
541,494.17,494.57,495.04
542,494.98,495.34,495.72
543,495.29,495.71,496.23
544,496.15,496.49,497.16
545,496.71,497.02,497.43
546,497.24,497.65,498.00
547,498.12,498.56,499.30
548,498.67,499.00,499.39
549,499.21,499.67,500.08
550,500.29,501.50,509.38
551,502.77,503.19,503.58
552,503.39,503.78,504.17
553,503.65,504.64,509.90
554,503.70,504.25,504.90
555,504.19,504.53,505.00
556,504.99,505.65,507.63
557,505.26,505.67,506.07
558,506.03,506.41,506.82
559,506.83,507.20,507.75
560,507.28,507.90,508.72
561,507.78,508.67,509.12
562,508.77,509.18,510.10
563,509.44,509.98,510.41
564,510.03,510.85,511.38
565,511.04,511.57,511.98
566,511.85,513.56,518.74
567,513.87,514.24,514.55
568,513.81,514.37,514.91
569,514.55,515.46,520.04
570,514.60,514.97,515.33
571,514.78,515.43,517.14
572,515.39,515.92,516.85
573,516.15,516.48,516.89
574,516.78,517.16,517.48
575,517.44,517.69,518.03
576,517.90,518.18,518.59
577,518.45,518.74,519.26
578,519.13,519.40,520.37
579,519.86,520.08,520.47
580,520.40,520.79,521.19
581,521.04,522.23,528.30
582,523.60,524.06,524.66
583,524.01,524.40,524.82
584,524.79,525.87,530.00
585,525.21,525.58,525.90
586,525.23,525.78,526.43
587,526.10,526.78,528.91
588,526.38,526.82,527.24
589,527.19,527.63,527.92
590,527.42,528.11,528.59
591,528.29,528.61,528.97
592,528.47,528.91,529.53
593,529.12,529.71,530.73
594,529.97,530.27,530.59
595,530.46,530.88,531.22
596,531.27,532.30,538.25
597,533.79,534.08,534.70
598,533.89,534.39,534.88
599,534.26,535.22,538.44
600,534.85,535.25,535.74
601,535.48,535.88,536.53
602,536.13,536.94,539.20
603,536.54,537.04,537.61
604,537.28,537.66,538.09
605,537.77,538.22,538.66
606,538.47,538.96,539.31
607,539.27,539.69,540.08
608,540.32,540.74,541.65
609,541.15,541.51,541.82
610,541.68,542.10,542.51
611,542.70,544.13,549.44
612,544.52,545.07,545.89
613,545.26,545.68,546.01
614,545.75,546.50,549.57
615,545.76,546.25,546.76
616,545.73,546.59,549.63
617,546.26,546.85,547.59
618,546.88,547.34,548.00
619,547.44,547.97,548.55
620,547.77,548.44,548.81
621,548.30,548.99,549.39
622,548.75,549.30,550.10
623,549.49,549.79,550.09
624,549.89,550.22,550.57
625,550.82,551.16,551.51
626,551.78,554.64,560.34
627,554.09,554.36,554.66
628,554.06,555.26,558.28
629,554.78,555.24,555.64
630,555.54,555.99,556.41
631,555.94,556.56,559.95
632,556.30,556.73,557.09
633,556.88,557.23,557.56
634,557.42,557.75,558.15
635,557.96,558.31,558.65
636,558.67,559.02,559.44
637,559.40,559.75,560.66
638,559.87,560.30,560.68
639,560.61,560.90,561.27
640,561.45,562.75,564.95
641,562.71,563.27,563.81
642,563.47,564.21,567.54
643,564.18,564.62,565.12
644,564.82,565.28,565.74
645,565.07,566.03,568.05
646,565.35,565.78,566.16
647,566.16,566.62,567.03
648,567.10,567.43,567.79
649,567.78,568.10,568.69
650,568.38,568.66,569.15
651,569.05,569.51,570.53
652,569.74,570.27,570.80
653,570.86,571.25,571.67
654,571.29,572.28,573.92
655,572.18,572.51,572.83
656,572.94,574.02,578.91
657,575.17,575.64,576.04
658,575.10,575.73,576.46
659,575.43,576.11,579.72
660,575.63,576.02,576.38
661,576.38,576.81,577.19
662,577.18,577.49,577.99
663,577.71,578.18,578.57
664,578.49,578.99,580.43
665,579.38,579.68,580.14
666,580.05,580.44,580.86
667,580.76,581.11,581.48
668,582.20,582.68,584.20
669,582.33,582.71,583.16
670,582.73,584.57,588.83
671,584.91,585.31,585.68
672,585.58,586.19,588.49
673,585.59,586.05,586.59
674,586.32,586.74,587.08
675,586.64,587.33,587.79
676,586.68,587.14,587.60
677,587.36,587.75,588.07
678,587.82,588.30,589.50
679,588.20,588.71,589.05
680,588.71,589.24,589.83
681,589.50,590.38,593.18
682,590.58,591.02,591.50
683,591.23,591.78,594.21
684,592.42,593.08,595.91
685,592.57,592.93,593.25
686,593.05,593.76,596.00
687,593.51,593.89,594.26
688,594.05,594.37,594.72
689,594.56,594.87,595.26
690,595.00,595.28,595.53
691,595.33,595.68,596.63
692,595.84,596.17,596.44
693,596.47,596.78,597.05
694,596.81,597.40,600.71
695,597.88,598.49,599.94
696,598.34,598.76,599.18
697,599.09,601.30,605.13
698,601.51,601.85,602.42
699,602.12,602.93,605.75
700,602.67,603.13,603.91
701,603.05,603.57,604.16
702,603.43,603.82,604.29
703,603.42,604.07,604.67
704,604.20,604.62,605.06
705,604.83,605.29,606.16
706,605.99,606.37,606.78
707,606.85,607.11,607.38
708,607.66,608.22,612.00
709,607.94,608.30,608.62
710,608.71,610.12,615.50
711,609.88,610.28,610.66
712,610.98,612.28,616.63
713,614.74,615.46,616.64
714,615.36,615.70,616.20
715,615.98,616.64,617.00
716,616.68,617.09,617.79
717,617.23,617.67,618.21
718,617.74,618.20,619.44
719,618.55,618.91,619.24
720,618.99,619.71,623.18
721,618.67,620.29,623.03
722,618.99,619.50,620.07
723,619.66,620.89,625.11
724,620.25,620.63,621.05
725,620.65,621.70,624.08
726,621.43,622.11,622.59
727,622.35,622.89,623.43
728,623.36,623.90,624.40
729,624.11,624.44,624.88
730,624.57,624.91,625.92
731,625.25,625.89,626.31
732,625.98,626.50,626.97
733,626.79,627.67,630.40
734,627.33,627.94,628.54
735,628.19,628.63,631.56
736,629.58,630.17,634.87
737,630.15,630.42,630.75
738,630.81,632.37,634.33
739,632.86,633.32,633.68
740,633.67,633.99,634.35
741,633.42,634.05,634.52
742,633.99,634.33,634.62
743,633.98,634.42,635.48
744,634.08,634.50,634.84
745,634.65,635.17,635.46
746,635.36,636.48,639.31
747,635.81,636.25,636.80
748,636.32,637.15,640.77
749,636.27,636.69,637.20
750,636.67,637.55,640.24
751,638.37,638.76,639.47
752,638.58,638.98,639.30
753,638.71,639.13,639.65
754,638.75,639.22,639.58
755,639.10,639.46,639.70
756,639.58,639.86,640.12
757,640.00,640.43,640.84
758,640.43,641.16,643.71
759,641.14,641.58,642.07
760,641.44,642.20,647.14
761,642.38,642.90,644.94
762,642.53,642.80,643.20
763,643.39,644.37,646.98
764,644.22,644.45,644.80
765,644.52,645.10,645.68
766,645.62,645.92,646.35
767,646.21,646.56,646.94
768,647.05,647.47,648.50
769,647.82,648.15,648.55
770,648.46,648.83,652.99
771,649.43,650.07,651.47
772,649.96,650.25,650.64
773,650.64,652.28,657.24
774,651.97,652.27,652.57
775,652.61,654.51,657.21
776,655.41,655.80,656.21
777,655.92,656.48,657.05
778,655.44,656.20,657.33
779,656.48,657.05,657.68
780,656.43,657.46,658.39
781,657.39,657.86,658.29
782,658.68,659.18,659.42
783,660.19,660.74,663.75
784,660.66,661.11,661.87
785,661.74,662.86,665.98
786,662.71,663.08,663.42
787,663.64,664.58,667.07
788,664.40,664.96,665.57
789,665.06,665.37,665.77
790,665.47,665.94,666.36
791,666.42,666.80,667.32
792,667.05,667.48,668.14
793,667.79,668.27,668.98
794,668.68,669.01,669.34
795,669.73,670.28,673.38
796,670.14,670.50,670.81
797,671.08,672.12,675.23
798,671.82,672.11,672.51
799,672.40,673.36,675.99
800,673.12,673.74,674.38
