ICOUNT,MIN,AVG,MAX
16,108.12,110.72,144.41
17,108.20,108.39,108.64
18,93.07,103.37,109.93
19,92.59,92.85,93.65
20,93.03,93.23,93.57
21,92.96,93.25,94.09
22,92.92,93.20,93.52
23,93.09,93.31,94.16
24,93.09,93.37,93.73
25,93.16,93.33,93.68
26,93.09,93.27,94.10
27,92.97,93.36,93.70
28,93.43,93.66,94.09
29,93.50,93.86,94.71
30,93.56,93.78,94.03
31,93.61,93.83,94.60
32,93.47,93.74,94.03
33,93.43,93.73,93.97
34,93.43,93.75,94.10
35,93.52,93.73,94.37
36,94.01,94.19,95.07
37,94.18,94.43,94.70
38,94.17,94.47,94.74
39,94.24,94.45,94.83
40,94.22,94.40,94.66
41,94.23,94.43,94.74
42,94.27,94.49,94.80
43,94.40,94.56,95.49
44,94.37,94.58,94.94
45,94.41,94.67,94.99
46,94.44,94.62,94.82
47,94.30,94.72,97.57
48,94.28,94.82,95.70
49,94.14,94.46,94.80
50,95.23,95.45,95.76
51,95.45,95.71,96.79
52,95.48,95.73,96.04
53,95.61,95.86,96.27
54,95.69,95.95,96.20
55,95.67,95.90,96.22
56,95.61,95.87,96.15
57,95.61,95.79,96.03
58,95.31,95.52,95.72
59,95.25,95.45,95.66
60,95.19,95.37,95.57
61,95.18,95.33,95.51
62,95.25,95.61,97.05
63,95.39,96.04,98.30
64,95.37,95.61,95.92
65,95.18,95.48,95.65
66,95.31,95.51,95.71
67,95.31,95.49,95.72
68,95.21,95.47,95.72
69,95.24,95.49,95.71
70,95.31,95.53,95.68
71,95.31,95.50,95.72
72,95.33,95.49,95.68
73,95.25,95.49,95.63
74,95.35,95.51,95.74
75,95.41,95.58,95.78
76,95.38,95.59,95.81
77,95.49,95.76,96.92
78,95.74,96.04,97.04
79,95.51,95.70,95.93
80,95.51,95.66,95.81
81,95.40,95.68,95.87
82,96.62,96.87,97.09
83,97.53,97.72,97.87
84,97.90,98.07,98.29
85,98.08,98.21,98.34
86,98.03,98.21,98.36
87,98.03,98.22,98.39
88,98.07,98.23,98.42
89,98.07,98.25,98.45
90,98.14,98.30,98.46
91,98.07,98.28,98.45
92,98.14,98.32,98.54
93,98.13,98.29,98.47
94,97.99,98.23,98.44
95,98.12,98.27,98.47
96,98.11,98.33,99.34
97,98.19,98.51,98.78
98,98.25,98.42,98.68
99,98.27,98.44,98.61
100,98.27,98.44,98.61
101,98.21,98.50,98.67
102,98.29,98.51,98.70
103,98.22,98.41,98.59
104,98.30,98.52,98.74
105,98.32,98.61,99.12
106,98.55,98.74,99.01
107,98.53,98.76,99.02
108,98.54,98.80,99.19
109,98.56,98.81,99.12
110,98.60,98.78,99.02
111,98.56,98.82,99.16
112,98.61,98.87,99.30
113,98.67,98.95,99.35
114,98.72,98.91,99.18
115,98.78,98.99,99.41
116,98.87,99.01,99.38
117,98.67,98.89,99.20
118,98.79,98.96,99.18
119,98.72,99.03,99.55
120,98.79,99.08,100.05
121,98.87,99.23,99.65
122,99.31,99.67,100.15
123,100.61,100.90,101.23
124,101.61,101.94,102.30
125,103.00,103.21,103.51
126,103.61,103.94,104.25
127,103.98,104.36,104.70
128,104.32,104.54,104.83
129,104.52,105.28,106.80
130,105.13,105.40,105.65
131,105.38,105.59,105.86
132,105.61,105.96,106.20
133,105.92,106.18,106.46
134,105.93,106.22,106.54
135,105.98,106.15,106.40
136,105.80,106.06,106.44
137,106.18,106.31,106.52
138,106.15,106.29,106.58
139,106.24,106.48,106.92
140,106.38,106.71,107.08
141,106.54,106.78,107.02
142,106.66,107.26,108.29
143,106.80,107.17,108.06
144,106.81,107.18,107.57
145,106.94,107.29,107.87
146,107.96,108.26,108.76
147,108.15,108.34,108.62
148,108.35,108.65,108.96
149,108.41,108.71,109.02
150,108.45,108.82,109.66
151,108.75,108.90,109.16
152,108.76,108.95,109.25
153,108.82,109.05,109.23
154,108.82,109.09,109.36
155,108.82,109.20,110.14
156,108.96,109.37,109.94
157,109.02,109.33,109.76
158,109.29,109.60,109.83
159,109.49,109.79,110.10
160,109.72,110.11,110.44
161,110.31,110.66,110.92
162,110.19,110.59,111.04
163,110.42,110.70,111.19
164,110.64,110.92,111.13
165,110.92,111.21,111.55
166,110.86,111.31,111.65
167,110.93,111.28,111.59
168,111.11,111.35,111.71
169,111.31,111.58,111.80
170,111.55,111.84,112.12
171,111.96,112.18,112.34
172,112.32,112.56,112.84
173,112.45,112.65,113.02
174,112.40,112.73,113.03
175,112.59,112.87,113.22
176,112.65,112.94,113.22
177,112.59,112.84,113.08
178,112.93,113.22,113.59
179,112.90,113.16,113.46
180,112.73,113.22,113.56
181,113.21,113.50,113.78
182,113.61,113.88,114.20
183,114.05,114.30,114.60
184,114.38,114.63,114.84
185,114.95,115.13,115.37
186,114.67,114.94,115.91
187,114.77,115.04,115.41
188,114.73,115.04,115.26
189,115.04,115.25,115.52
190,115.14,115.40,115.71
191,115.28,115.56,115.95
192,115.37,115.67,116.09
193,115.80,116.31,116.62
194,115.77,116.15,116.44
195,116.03,116.42,116.69
196,116.42,116.71,117.09
197,116.54,116.79,117.09
198,116.69,116.93,117.16
199,116.82,117.05,117.29
200,117.05,117.42,118.42
201,116.75,117.23,118.37
202,117.09,117.49,117.83
203,117.69,117.92,118.24
204,117.85,118.04,118.32
205,118.08,118.36,118.70
206,118.23,118.49,118.90
207,118.32,118.56,118.94
208,118.37,118.66,118.92
209,118.71,118.93,119.21
210,118.84,119.12,119.31
211,118.87,119.16,119.46
212,119.17,119.56,120.62
213,119.29,119.70,120.58
214,119.38,119.66,120.05
215,119.70,119.94,120.25
216,120.05,120.20,120.56
217,120.24,120.52,120.92
218,120.38,120.64,120.96
219,120.69,120.87,121.06
220,120.78,120.98,121.18
221,121.06,121.34,121.58
222,121.12,121.40,121.73
223,121.39,121.61,121.86
224,121.48,121.82,122.88
225,121.96,122.29,122.62
226,121.69,122.06,122.31
227,122.13,122.40,122.60
228,122.35,122.59,122.99
229,122.63,122.87,123.14
230,122.74,123.02,123.96
231,122.94,123.17,123.42
232,123.10,123.39,123.63
233,123.35,123.62,123.96
234,123.64,123.92,124.21
235,124.11,124.42,124.63
236,124.38,124.75,125.15
237,124.97,125.25,125.50
238,124.91,125.20,125.47
239,125.25,125.51,125.73
240,125.36,125.65,126.08
241,126.11,126.32,126.65
242,126.30,126.63,126.97
243,127.80,128.40,128.88
244,131.09,131.89,132.27
245,132.02,132.50,132.95
246,141.33,142.97,143.64
247,150.10,151.37,152.37
248,160.35,162.01,162.72
249,167.65,169.79,171.04
250,176.89,178.72,179.65
251,181.59,183.08,184.43
252,190.92,191.71,192.49
253,192.14,192.38,192.64
254,192.44,192.67,192.97
255,192.19,192.43,192.70
256,192.44,192.72,193.13
257,192.37,192.59,192.80
258,193.18,193.55,193.85
259,193.23,195.33,198.74
260,194.66,195.15,195.87
261,195.15,195.48,195.91
262,195.26,195.60,195.93
263,195.19,195.62,195.89
264,195.32,195.68,195.99
265,195.25,195.60,195.92
266,195.06,195.84,197.76
267,194.63,195.11,196.14
268,194.77,195.06,195.33
269,194.79,195.10,195.49
270,194.32,194.62,194.86
271,194.32,194.59,195.63
272,194.29,194.64,194.89
273,194.99,195.41,196.79
274,194.99,195.52,196.50
275,195.19,195.45,195.77
276,195.35,195.62,196.02
277,195.45,195.84,196.08
278,195.14,195.54,195.83
279,195.39,195.65,196.06
280,195.40,195.72,196.00
281,195.60,195.82,196.05
282,195.29,195.55,195.91
283,195.46,195.77,196.00
284,195.33,195.58,195.89
285,195.22,195.50,195.87
286,195.67,195.93,196.20
287,195.93,196.22,196.67
288,196.01,196.30,196.67
289,195.46,195.78,196.20
290,196.70,196.98,197.25
291,196.74,197.00,197.39
292,197.35,197.63,197.86
293,197.34,197.73,198.02
294,198.77,199.06,199.43
295,197.95,198.19,198.62
296,198.30,198.60,198.97
297,197.68,197.97,198.24
298,198.54,198.90,199.28
299,198.33,199.33,202.61
300,200.30,200.80,201.98
301,199.92,200.44,200.80
302,199.88,200.18,200.75
303,199.97,200.22,200.56
304,199.56,200.02,200.45
305,199.74,200.08,200.33
306,199.43,199.97,201.25
307,200.31,201.22,203.86
308,200.28,200.63,200.98
309,200.24,200.54,200.86
310,199.92,200.23,200.66
311,199.88,200.39,201.92
312,200.88,201.44,201.92
313,201.36,201.81,202.35
314,201.92,202.46,203.57
315,202.30,202.83,203.46
316,202.73,203.06,203.33
317,203.12,203.47,203.86
318,203.46,203.78,204.23
319,203.71,204.05,204.27
320,203.35,203.90,204.44
321,204.49,204.80,205.09
322,203.72,204.21,204.64
323,204.01,204.37,204.81
324,203.80,204.30,204.70
325,204.30,204.59,204.87
326,204.19,204.74,205.21
327,204.71,204.98,205.37
328,204.81,205.06,205.38
329,204.79,205.14,205.44
330,204.88,205.19,205.45
331,204.55,205.04,205.55
332,204.70,205.07,205.40
333,204.68,204.98,205.38
334,204.88,205.12,205.34
335,205.01,205.32,205.72
336,205.21,205.44,205.74
337,205.21,205.48,205.81
338,205.44,206.09,209.77
339,205.59,206.11,207.40
340,206.37,206.74,207.45
341,206.77,207.12,207.61
342,207.11,207.59,208.00
343,207.23,207.74,208.03
344,207.81,208.34,208.66
345,208.37,208.87,210.72
346,208.10,208.50,209.44
347,208.08,208.46,208.87
348,208.07,208.42,208.71
349,208.22,208.72,209.13
350,208.57,208.98,210.12
351,208.41,208.91,209.24
352,208.64,209.19,210.42
353,208.60,208.96,209.42
354,208.91,209.30,209.96
355,208.97,209.28,209.60
356,209.18,209.45,209.86
357,208.64,209.30,209.66
358,209.09,209.45,209.78
359,209.04,209.31,209.68
360,209.38,209.71,210.00
361,209.56,209.95,210.33
362,209.74,210.23,210.61
363,210.20,210.59,211.06
364,210.48,210.92,211.31
365,211.10,211.38,211.72
366,211.25,211.46,211.82
367,211.46,211.76,212.10
368,211.44,211.86,212.18
369,212.70,213.05,213.34
370,211.53,211.96,212.51
371,211.58,211.94,212.29
372,211.66,211.97,212.32
373,211.73,212.12,212.48
374,211.86,212.31,212.60
375,212.20,212.53,212.81
376,212.31,212.89,214.68
377,212.29,212.74,214.07
378,212.86,213.23,213.56
379,213.14,213.52,213.86
380,213.19,213.53,213.88
381,213.31,213.67,214.05
382,213.44,213.87,214.25
383,213.35,214.25,216.07
384,213.48,213.94,214.35
385,214.57,214.87,215.43
386,213.95,214.37,214.75
387,214.49,214.84,215.36
388,214.60,214.90,216.22
389,214.75,215.06,215.56
390,214.02,214.77,216.56
391,214.76,215.15,215.56
392,215.23,215.51,215.83
393,215.54,215.88,216.23
394,215.49,215.74,216.07
395,215.67,216.02,216.44
396,215.83,216.19,216.57
397,216.01,216.35,216.70
398,216.31,216.61,217.34
399,216.62,216.99,217.38
400,216.50,216.86,217.17
401,216.97,217.39,217.76
402,216.76,217.19,217.60
403,216.84,217.32,217.71
404,217.44,217.81,218.18
405,217.81,218.46,218.88
406,218.05,218.37,218.80
407,218.65,218.98,219.44
408,218.16,218.83,219.23
409,218.41,218.73,219.02
410,219.01,219.37,219.70
411,219.28,219.58,220.00
412,219.15,219.52,220.02
413,219.45,220.26,222.42
414,219.80,220.18,220.63
415,219.80,220.28,220.88
416,220.13,220.43,220.87
417,220.14,220.69,221.15
418,220.33,220.73,221.21
419,220.56,221.11,223.26
420,220.46,222.06,225.10
421,222.01,222.42,222.86
422,221.99,222.37,222.93
423,221.92,222.26,222.72
424,221.61,222.13,223.23
425,221.34,221.77,222.18
426,221.42,222.22,223.83
427,221.76,222.13,222.63
428,222.01,222.27,222.75
429,223.16,223.47,223.93
430,222.95,223.22,223.61
431,222.96,223.33,223.72
432,223.29,223.62,224.08
433,224.12,224.47,224.77
434,223.83,224.14,224.43
435,224.39,224.67,225.01
436,224.50,224.82,225.13
437,225.00,225.31,225.58
438,224.98,225.33,225.69
439,225.37,225.66,225.95
440,225.44,225.67,225.95
441,225.76,226.03,226.36
442,225.64,225.92,226.34
443,225.84,226.20,226.57
444,225.92,226.22,226.52
445,226.22,226.54,226.79
446,226.27,226.57,226.92
447,226.14,226.54,226.83
448,226.56,227.13,229.67
449,227.12,227.55,229.07
450,226.72,226.96,227.26
451,227.07,227.29,227.66
452,227.03,227.32,227.64
453,227.19,227.57,228.02
454,227.48,227.77,228.40
455,228.11,228.96,230.98
456,228.33,228.60,228.96
457,228.53,228.95,229.34
458,228.48,228.83,229.27
459,229.06,229.46,230.67
460,229.00,229.42,229.85
461,229.80,230.44,232.39
462,229.85,230.22,230.75
463,229.98,230.25,230.63
464,230.15,230.50,230.93
465,230.66,230.94,231.42
466,230.55,230.85,231.18
467,230.58,231.11,231.49
468,231.28,231.59,231.96
469,231.56,232.08,232.44
470,231.86,232.09,232.43
471,232.10,232.48,232.90
472,232.19,232.56,232.97
473,232.20,232.54,232.85
474,232.71,233.03,233.39
475,233.19,233.54,233.98
476,233.10,233.46,233.88
477,233.17,233.60,233.91
478,233.20,233.50,233.82
479,233.38,233.71,234.11
480,233.51,233.77,234.43
481,234.85,235.31,235.60
482,234.05,234.47,234.81
483,234.15,234.99,237.23
484,234.42,234.86,235.27
485,234.72,235.17,235.64
486,235.00,235.31,235.66
487,235.33,235.56,235.91
488,235.36,235.69,236.15
489,235.29,235.95,237.77
490,235.66,236.34,236.80
491,236.80,237.12,237.49
492,236.59,236.91,237.47
493,237.47,237.64,238.69
494,237.07,237.37,237.81
495,236.80,237.39,238.91
496,236.32,237.21,238.75
497,238.17,238.67,239.13
498,237.34,237.73,238.10
499,237.75,238.03,238.37
500,238.02,238.45,238.97
501,238.59,239.05,239.42
502,238.97,239.26,239.56
503,239.27,239.52,239.84
504,239.34,239.65,239.99
505,239.47,239.78,240.22
506,237.89,239.68,240.31
507,238.11,238.52,238.82
508,238.35,238.79,239.87
509,239.80,240.17,240.64
510,240.43,240.67,241.06
511,240.63,241.10,241.66
512,241.36,241.67,242.07
513,242.15,242.48,242.85
514,241.62,241.88,242.25
515,241.98,242.45,242.78
516,241.95,242.72,245.19
517,242.65,243.03,243.51
518,242.54,243.01,243.54
519,238.23,241.17,243.80
520,240.90,241.31,241.71
521,241.11,241.48,241.81
522,241.24,242.05,245.16
523,241.57,242.14,242.92
524,242.52,243.28,243.74
525,243.30,243.89,244.60
526,244.09,244.33,245.24
527,244.13,244.42,244.75
528,244.26,244.86,246.05
529,245.26,245.63,246.01
530,244.82,245.22,245.48
531,244.87,245.28,245.66
532,244.90,245.42,245.74
533,245.58,246.00,246.32
534,245.74,246.12,246.42
535,245.94,246.36,246.62
536,246.20,246.42,246.68
537,246.29,246.66,247.03
538,246.28,246.67,247.07
539,246.82,247.16,247.48
540,246.65,246.96,247.34
541,247.07,247.40,247.76
542,247.22,247.54,247.82
543,247.57,247.87,248.30
544,247.58,247.85,248.16
545,248.59,248.91,249.37
546,248.11,248.49,248.93
547,248.85,249.09,249.36
548,248.97,249.78,254.57
549,249.84,250.42,252.20
550,249.30,249.85,250.24
551,249.87,250.15,250.68
552,249.69,250.09,250.47
553,249.21,249.56,249.93
554,249.95,250.72,252.51
555,250.14,250.56,250.92
556,250.26,250.65,250.97
557,250.66,251.03,251.41
558,250.38,250.87,251.92
559,250.32,250.71,251.06
560,250.04,250.69,252.60
561,251.12,251.41,251.92
562,250.65,251.03,251.39
563,251.00,251.42,251.72
564,251.03,251.49,252.05
565,251.79,252.21,252.80
566,252.26,252.66,253.22
567,253.08,253.42,253.93
568,252.77,253.18,253.83
569,252.44,252.79,253.16
570,253.12,253.52,253.84
571,253.78,254.24,254.68
572,253.65,254.12,254.48
573,253.87,254.31,254.72
574,253.91,254.27,254.87
575,254.18,254.53,255.08
576,254.52,254.85,255.16
577,255.12,255.43,256.11
578,254.78,255.07,255.72
579,255.04,255.39,255.89
580,255.35,256.80,261.10
581,256.21,256.58,256.94
582,256.11,256.42,256.78
583,256.55,256.87,257.27
584,256.50,256.88,257.32
585,255.87,256.70,258.51
586,255.97,256.71,258.37
587,257.00,257.58,258.12
588,257.50,257.92,258.31
589,257.88,258.33,258.85
590,257.77,258.18,258.77
591,257.90,258.52,260.18
592,257.64,258.07,258.40
593,258.92,259.46,260.15
594,258.65,259.11,259.65
595,259.29,259.70,260.14
596,259.16,259.64,260.02
597,260.19,260.52,260.82
598,260.08,260.34,260.73
599,260.51,260.69,261.03
600,260.26,260.66,261.13
601,260.83,261.26,261.60
602,260.80,261.18,261.44
603,261.09,261.48,261.74
604,260.72,261.04,261.34
605,260.81,261.16,261.49
606,260.46,260.84,261.20
607,260.52,260.81,261.17
608,260.73,261.04,261.38
609,261.57,261.94,262.28
610,260.97,261.80,265.40
611,262.12,262.64,264.03
612,261.87,262.27,262.56
613,262.44,262.73,263.06
614,262.18,262.59,263.02
615,262.47,262.86,263.15
616,262.33,263.36,266.49
617,262.68,263.04,263.28
618,262.77,263.06,263.39
619,262.95,263.39,263.79
620,262.90,263.15,264.14
621,263.03,263.64,265.57
622,263.28,263.59,264.09
623,263.69,264.04,264.47
624,263.55,263.86,264.23
625,264.49,264.81,265.17
626,264.21,264.44,264.78
627,264.43,264.81,265.17
628,264.87,265.23,265.75
629,265.84,266.24,266.71
630,266.17,266.73,267.05
631,267.05,267.58,267.93
632,267.43,267.68,268.01
633,266.93,267.34,267.70
634,267.51,267.83,268.21
635,268.17,268.44,268.89
636,268.09,268.41,268.78
637,268.37,268.76,269.30
638,268.15,268.46,268.86
639,268.50,268.92,269.23
640,268.59,269.73,275.56
641,269.67,270.32,272.38
642,269.20,269.50,269.91
643,269.44,269.80,270.19
644,269.60,269.88,270.33
645,270.30,270.77,271.18
646,270.06,270.93,273.96
647,270.14,270.44,270.85
648,269.93,270.36,271.08
649,269.87,270.27,270.81
650,270.68,271.08,271.69
651,271.15,271.69,273.00
652,270.96,271.43,272.07
653,271.15,271.79,272.29
654,271.36,271.85,272.32
655,271.78,272.20,272.63
656,272.09,272.36,272.77
657,272.87,273.15,273.55
658,272.32,272.74,273.14
659,272.47,273.00,273.53
660,273.08,273.60,273.98
661,274.04,274.29,274.65
662,274.10,274.33,274.58
663,274.17,274.41,274.73
664,274.15,274.45,274.78
665,273.90,274.20,274.57
666,274.30,274.76,275.18
667,274.44,274.90,275.25
668,274.31,274.64,275.05
669,274.64,275.19,278.69
670,275.38,275.85,277.48
671,275.45,275.82,276.51
672,275.45,275.80,276.19
673,276.06,276.46,276.79
674,275.99,276.45,277.09
675,276.12,276.94,279.55
676,276.43,276.81,277.27
677,277.19,277.51,277.80
678,277.00,277.39,277.73
679,277.53,277.85,278.61
680,277.60,278.10,279.49
681,277.19,277.64,278.10
682,277.78,278.22,278.68
683,278.40,278.65,278.87
684,278.20,278.53,278.88
685,278.75,279.14,279.46
686,278.49,278.97,279.38
687,278.71,279.04,279.51
688,278.44,278.84,279.32
689,279.17,279.81,280.28
690,279.00,279.47,280.02
691,279.62,280.01,280.30
692,279.88,280.19,280.63
693,280.16,280.55,280.96
694,280.10,280.62,280.94
695,280.74,281.11,281.46
696,280.91,281.27,281.51
697,280.35,280.73,281.15
698,281.10,281.89,285.57
699,281.44,281.97,282.53
700,281.44,281.82,282.18
701,282.20,282.71,283.12
702,282.27,282.69,283.05
703,282.75,283.52,286.31
704,282.98,283.49,283.99
705,283.77,284.03,284.37
706,283.19,283.71,284.10
707,283.42,283.86,284.86
708,283.09,283.79,285.16
709,283.41,283.84,284.15
710,283.52,283.90,284.35
711,283.92,284.51,284.91
712,284.59,285.02,285.47
713,284.25,284.60,285.04
714,284.74,285.24,285.78
715,285.43,286.01,286.66
716,285.79,286.14,286.52
717,286.14,286.54,286.94
718,285.67,286.21,286.66
719,286.34,286.80,287.15
720,286.42,286.87,287.26
721,286.81,287.22,287.68
722,286.93,287.17,287.66
723,287.08,287.43,287.87
724,286.99,287.48,287.96
725,287.62,288.11,288.45
726,287.55,288.26,291.07
727,288.22,289.93,291.49
728,288.78,289.21,289.67
729,288.32,288.68,289.10
730,288.42,288.84,289.37
731,288.85,289.71,292.23
732,288.83,289.36,289.84
733,289.10,289.68,290.31
734,289.02,289.37,289.84
735,289.29,289.66,290.99
736,288.74,289.46,291.56
737,289.95,290.44,290.98
738,289.41,289.84,290.31
739,289.63,290.07,290.42
740,289.79,290.25,290.67
741,290.44,290.85,291.23
742,290.57,291.05,291.44
743,290.83,291.22,291.58
744,291.19,291.48,291.85
745,290.48,290.81,291.31
746,291.12,291.52,291.90
747,291.25,291.73,292.19
748,291.16,291.46,291.79
749,291.45,291.91,292.29
750,291.35,291.76,292.29
751,291.82,292.20,292.78
752,291.85,292.32,292.90
753,293.06,293.90,297.25
754,292.09,292.77,293.46
755,292.81,293.18,293.73
756,292.79,293.21,293.64
757,293.37,293.69,294.06
758,293.34,294.37,298.51
759,293.44,293.87,294.52
760,293.75,294.14,294.72
761,292.18,292.79,294.14
762,292.99,293.55,294.48
763,293.78,294.63,296.20
764,294.34,294.70,295.10
765,294.88,295.29,295.74
766,295.08,295.40,295.69
767,294.82,295.29,295.88
768,295.13,295.53,296.15
769,295.99,296.38,296.83
770,296.02,296.44,296.93
771,296.72,297.17,297.70
772,296.96,297.40,297.90
773,297.97,298.28,298.64
774,297.78,298.04,298.37
775,298.24,298.54,299.10
776,298.41,298.77,299.16
777,297.84,298.26,298.80
778,298.22,298.56,298.99
779,298.83,299.15,299.59
780,298.91,299.51,302.99
781,298.68,299.31,299.93
782,298.75,299.22,299.96
783,299.18,299.64,300.00
784,299.25,299.66,300.24
785,300.20,301.01,303.52
786,299.64,299.88,300.32
787,299.85,300.42,300.76
788,300.29,300.65,301.67
789,300.61,301.04,302.75
790,301.37,301.81,304.49
791,301.81,302.08,302.40
792,301.66,302.06,302.50
793,301.26,301.76,302.40
794,301.90,302.29,302.62
795,302.40,302.86,303.26
796,302.31,302.79,303.20
797,302.72,303.04,303.45
798,302.82,303.18,303.48
799,302.98,303.43,303.83
800,303.12,303.42,303.74
