ICOUNT,MIN,AVG,MAX
16,93.86,95.50,116.65
17,93.75,93.95,94.69
18,93.80,94.07,95.23
19,93.82,94.01,94.77
20,93.93,94.12,94.85
21,93.87,94.22,95.72
22,93.80,94.03,94.67
23,94.11,94.28,94.84
24,94.08,94.24,94.86
25,94.12,94.32,94.89
26,94.16,94.31,94.95
27,94.16,94.31,94.93
28,94.23,94.50,95.03
29,94.34,94.53,94.71
30,94.39,94.55,95.03
31,94.42,94.58,95.10
32,94.27,94.52,95.00
33,94.33,94.65,96.92
34,94.37,94.57,95.17
35,94.89,95.18,96.65
36,94.92,95.07,95.34
37,94.86,95.10,95.75
38,94.93,95.15,95.88
39,94.97,95.13,95.83
40,94.94,95.10,95.61
41,94.85,95.09,95.61
42,94.98,95.15,95.75
43,94.95,95.10,95.31
44,94.93,95.15,95.66
45,94.92,95.12,95.85
46,94.98,95.19,95.86
47,94.96,95.24,96.45
48,94.99,95.23,95.83
49,95.84,96.00,96.56
50,96.04,96.26,96.90
51,96.02,96.22,96.45
52,95.94,96.18,96.85
53,96.05,96.22,96.88
54,95.93,96.21,96.96
55,96.07,96.25,96.90
56,96.07,96.23,96.72
57,96.03,96.18,96.80
58,96.08,96.22,96.46
59,96.08,96.27,96.40
60,96.11,96.29,96.70
61,96.09,96.23,96.69
62,96.03,96.28,96.99
63,96.04,96.27,97.03
64,96.01,96.21,96.74
65,95.98,96.19,96.61
66,96.05,96.25,96.40
67,96.03,96.23,96.84
68,96.05,96.22,96.78
69,96.08,96.29,96.77
70,96.14,96.29,96.89
71,96.11,96.33,97.39
72,96.08,96.25,97.00
73,96.11,96.30,96.76
74,96.21,96.35,96.50
75,96.14,96.35,96.84
76,96.26,96.39,97.04
77,96.14,96.35,96.94
78,96.14,96.32,96.81
79,96.19,96.33,96.91
80,97.86,98.50,99.19
81,99.25,99.56,100.07
82,99.79,99.97,100.72
83,99.77,99.94,100.51
84,99.78,99.93,100.57
85,99.74,99.92,100.52
86,99.77,99.95,100.42
87,99.82,100.04,101.07
88,99.85,100.08,100.65
89,99.85,100.07,101.12
90,99.63,100.08,101.49
91,99.85,99.98,100.44
92,99.85,100.00,100.41
93,99.77,99.97,100.12
94,99.75,100.01,100.52
95,99.89,100.04,100.41
96,99.98,100.11,100.57
97,99.75,99.94,100.43
98,99.75,100.04,100.84
99,99.79,100.05,100.69
100,99.81,100.02,100.37
101,99.87,100.21,101.96
102,99.89,100.09,100.59
103,99.86,100.21,102.72
104,99.85,100.06,100.27
105,99.83,100.04,100.61
106,99.88,100.06,100.51
107,99.91,100.13,100.79
108,99.88,100.06,100.71
109,99.86,100.11,100.68
110,99.93,100.09,100.59
111,99.98,100.18,100.75
112,99.96,100.12,100.57
113,99.94,100.11,100.64
114,100.04,100.29,101.78
115,100.04,100.23,100.40
116,99.99,100.20,100.82
117,100.09,100.33,100.90
118,100.19,100.36,100.90
119,100.44,100.76,101.11
120,101.40,101.96,102.95
121,102.55,103.07,103.39
122,103.76,103.92,104.33
123,103.90,104.11,105.71
124,104.01,104.23,105.10
125,104.07,104.26,104.81
126,104.19,104.39,104.85
127,104.39,104.54,105.17
128,104.43,104.60,105.30
129,104.43,104.56,104.71
130,104.51,104.67,105.31
131,104.57,104.82,105.20
132,104.73,104.89,105.28
133,104.74,104.95,106.26
134,104.78,104.96,105.71
135,104.88,105.05,105.48
136,104.88,105.07,105.77
137,104.88,105.12,107.35
138,104.94,105.16,105.54
139,105.01,105.19,105.68
140,105.01,105.26,105.78
141,105.14,105.35,107.67
142,105.15,105.35,105.94
143,105.22,105.44,105.81
144,105.23,105.46,105.95
145,105.20,105.45,106.00
146,105.40,105.61,106.02
147,105.50,105.65,106.09
148,105.43,105.67,106.06
149,105.49,105.83,106.05
150,105.68,105.85,106.41
151,105.83,105.99,106.62
152,105.89,106.18,108.11
153,106.03,106.22,106.73
154,106.10,106.56,109.26
155,106.15,106.35,106.95
156,106.18,106.45,108.08
157,106.25,106.46,106.94
158,106.42,106.63,109.15
159,106.55,106.73,107.35
160,106.53,106.73,107.43
161,106.57,106.74,107.20
162,106.77,107.05,109.90
163,106.91,107.12,107.69
164,106.98,107.35,110.33
165,107.24,107.48,109.45
166,107.18,107.45,109.74
167,107.23,107.56,109.89
168,107.27,107.45,107.92
169,107.38,107.56,108.11
170,107.60,107.74,108.29
171,107.62,107.80,108.28
172,107.69,107.98,110.61
173,107.97,108.14,108.59
174,108.06,108.28,110.55
175,108.11,108.27,108.93
176,108.21,108.44,109.18
177,108.33,108.74,111.81
178,108.42,108.71,109.22
179,108.59,108.81,109.17
180,108.70,108.91,109.38
181,108.78,108.97,109.56
182,108.99,109.13,109.58
183,109.03,109.25,110.88
184,109.18,109.35,109.90
185,109.41,109.57,110.23
186,109.55,109.73,110.15
187,109.64,109.84,110.33
188,109.75,109.96,110.30
189,109.88,110.07,110.48
190,109.93,110.13,110.61
191,109.96,110.25,113.00
192,110.16,110.32,110.98
193,110.13,110.33,110.78
194,110.30,110.50,111.10
195,110.35,110.58,110.96
196,110.50,110.69,111.14
197,110.68,110.84,111.38
198,110.78,110.91,111.24
199,110.91,111.08,112.62
200,111.00,111.21,112.00
201,111.07,111.27,111.69
202,111.17,111.32,111.86
203,111.35,111.55,113.73
204,111.42,111.58,112.02
205,111.41,111.64,112.19
206,111.53,111.76,112.50
207,111.63,111.87,112.52
208,111.87,112.03,112.46
209,111.83,112.01,112.52
210,111.95,112.13,112.60
211,112.12,112.26,112.67
212,112.14,112.40,112.78
213,112.26,112.64,114.49
214,112.58,112.78,114.98
215,112.54,112.90,116.56
216,112.58,112.71,113.13
217,112.70,112.83,113.51
218,112.76,113.06,115.75
219,112.88,113.09,113.83
220,113.03,113.19,113.67
221,113.07,113.24,113.79
222,113.09,113.27,113.81
223,113.21,113.38,114.15
224,113.35,113.76,116.83
225,113.44,113.67,114.39
226,113.65,114.14,118.06
227,113.76,113.96,114.70
228,113.82,114.05,114.51
229,113.90,114.11,114.47
230,114.02,114.20,114.64
231,114.68,115.59,116.45
232,115.54,116.06,116.56
233,117.74,118.48,119.25
234,119.14,119.79,120.67
235,119.58,120.52,121.12
236,122.72,123.49,127.50
237,126.48,129.55,134.01
238,131.41,132.66,134.56
239,145.07,146.74,148.66
240,158.02,161.76,165.90
241,177.79,181.83,186.38
242,181.00,185.66,190.34
243,191.13,192.43,193.24
244,192.22,193.01,193.57
245,192.92,193.19,193.76
246,193.12,193.38,194.09
247,193.13,193.46,194.58
248,193.30,193.59,194.82
249,193.38,193.63,194.26
250,193.45,193.68,195.94
251,193.66,193.90,194.71
252,193.71,194.04,196.24
253,193.89,194.11,194.81
254,193.89,194.14,194.83
255,194.13,194.35,194.96
256,194.15,194.46,195.08
257,194.34,194.52,195.82
258,194.38,195.04,199.05
259,194.76,195.25,198.12
260,194.68,194.94,195.77
261,194.71,194.94,195.51
262,194.74,195.04,196.25
263,194.91,195.23,195.96
264,195.02,195.25,195.95
265,195.36,195.88,198.21
266,195.36,195.78,199.00
267,195.09,195.46,196.17
268,195.23,195.54,196.52
269,195.49,195.72,196.49
270,195.50,195.85,198.16
271,195.60,196.11,199.20
272,195.75,195.98,196.88
273,195.51,195.89,196.67
274,195.80,196.05,196.87
275,195.76,196.11,198.56
276,195.78,196.16,197.79
277,195.98,196.24,197.02
278,195.93,196.28,197.08
279,196.03,196.39,197.04
280,196.14,196.43,197.45
281,196.20,196.49,197.12
282,196.31,196.53,197.24
283,196.13,196.46,197.32
284,196.23,196.63,198.81
285,196.41,196.70,197.48
286,196.53,196.79,197.50
287,196.46,196.76,197.58
288,196.50,196.79,197.57
289,196.35,196.68,197.33
290,196.57,196.86,197.77
291,196.68,196.95,197.74
292,196.88,197.51,200.44
293,196.98,197.49,201.27
294,196.97,197.24,198.09
295,197.11,197.32,197.95
296,197.15,197.43,198.13
297,197.14,197.39,198.27
298,197.37,197.96,201.22
299,197.60,198.15,202.07
300,197.58,197.82,198.70
301,197.66,198.00,198.78
302,197.68,197.93,199.03
303,197.74,198.01,198.89
304,197.84,198.21,200.67
305,197.88,198.39,201.92
306,197.98,198.32,201.13
307,197.96,198.29,199.14
308,198.21,198.47,199.20
309,198.29,198.55,199.16
310,198.31,198.62,201.69
311,198.47,198.76,199.53
312,198.47,198.69,199.45
313,198.40,198.74,201.88
314,198.51,198.80,199.58
315,198.73,198.97,200.03
316,198.66,198.99,199.81
317,198.79,199.05,199.50
318,198.90,199.17,199.92
319,199.06,199.33,200.05
320,199.03,199.39,200.46
321,199.04,199.37,200.09
322,199.22,199.46,200.22
323,199.25,199.57,200.36
324,199.44,199.75,200.78
325,199.37,199.94,203.42
326,199.63,200.22,204.68
327,199.76,199.98,200.73
328,199.85,200.11,200.85
329,199.88,200.17,201.08
330,200.01,200.32,201.07
331,200.20,200.50,201.37
332,200.43,201.07,204.68
333,200.68,201.16,206.12
334,200.61,200.88,201.70
335,200.78,201.10,204.67
336,200.84,201.05,201.76
337,200.67,201.15,203.89
338,201.17,201.67,205.36
339,201.14,201.45,202.20
340,201.35,201.58,202.30
341,201.40,201.75,204.72
342,201.70,201.98,203.08
343,201.38,201.77,205.02
344,201.72,201.99,202.46
345,201.93,202.13,202.76
346,202.07,202.30,203.09
347,201.99,202.30,203.03
348,202.11,202.37,204.52
349,202.31,202.58,203.33
350,202.39,202.68,203.30
351,202.40,202.69,203.91
352,202.54,202.86,204.86
353,202.73,202.97,203.59
354,202.94,203.18,203.87
355,203.03,203.27,204.43
356,202.98,203.30,204.06
357,203.16,203.51,206.97
358,203.41,203.86,206.28
359,203.61,204.19,209.48
360,203.63,203.89,204.66
361,203.77,204.09,207.41
362,203.88,204.12,204.90
363,203.83,204.10,207.42
364,203.88,204.44,207.88
365,204.41,204.93,209.31
366,204.36,204.64,205.33
367,204.35,204.80,206.87
368,204.67,204.93,205.96
369,204.56,204.81,205.50
370,204.64,204.95,207.85
371,204.77,205.26,208.46
372,204.88,205.13,206.16
373,204.84,205.20,206.16
374,205.08,205.33,206.06
375,205.18,205.44,206.13
376,205.25,205.49,206.14
377,205.30,205.61,206.18
378,205.50,205.77,208.19
379,205.52,205.95,206.62
380,205.63,206.00,206.80
381,205.84,206.05,206.90
382,205.97,206.22,208.63
383,206.03,206.28,207.17
384,206.08,206.35,207.06
385,206.03,206.31,207.13
386,206.12,206.43,207.31
387,206.27,206.59,207.13
388,206.47,206.76,207.51
389,206.61,206.90,209.98
390,206.75,207.16,210.33
391,206.95,207.48,211.76
392,206.97,207.24,207.87
393,207.15,207.42,208.21
394,207.21,207.52,208.57
395,207.44,207.66,208.30
396,207.63,208.01,212.15
397,207.89,208.24,212.35
398,207.67,208.19,212.68
399,207.79,208.08,208.72
400,207.95,208.16,209.00
401,208.01,208.22,208.96
402,208.03,208.34,209.39
403,208.06,208.56,212.61
404,208.10,208.45,210.37
405,208.15,208.47,209.32
406,208.36,208.56,209.26
407,208.39,208.65,209.35
408,208.32,208.77,211.89
409,208.58,208.79,209.30
410,208.64,208.87,209.44
411,208.79,209.03,209.76
412,208.81,209.11,210.04
413,208.89,209.14,209.96
414,208.90,209.20,210.08
415,209.06,209.27,210.34
416,209.15,209.38,210.05
417,209.18,209.48,210.25
418,209.34,209.58,210.32
419,209.34,209.66,210.43
420,209.39,209.74,210.44
421,209.51,209.89,211.69
422,209.67,210.22,213.19
423,209.86,210.53,215.63
424,209.92,210.27,211.06
425,210.25,210.47,211.09
426,210.25,210.54,211.33
427,210.33,210.63,211.73
428,210.37,211.10,214.41
429,210.71,211.35,216.36
430,210.75,211.02,211.85
431,210.81,211.17,213.85
432,210.92,211.17,212.18
433,210.92,211.17,211.94
434,211.00,211.43,215.60
435,211.31,211.63,215.16
436,211.33,211.59,212.51
437,211.40,211.70,212.28
438,211.51,211.78,212.71
439,211.61,211.90,212.53
440,211.86,212.11,213.19
441,212.00,212.25,212.89
442,211.96,212.28,213.00
443,212.06,212.35,213.07
444,212.27,212.50,213.47
445,212.35,212.64,213.23
446,212.49,212.71,213.49
447,212.57,212.81,213.69
448,212.58,212.88,216.55
449,212.63,212.92,213.75
450,212.82,213.17,216.68
451,213.01,213.28,213.96
452,212.96,213.30,214.30
453,213.07,213.59,216.98
454,213.02,213.82,219.52
455,213.20,213.48,214.24
456,213.45,213.73,214.45
457,213.57,213.85,215.07
458,213.57,213.82,214.46
459,213.67,214.20,218.66
460,214.02,214.55,221.06
461,214.02,214.26,215.12
462,214.12,214.39,215.01
463,214.06,214.39,215.16
464,214.28,214.65,215.32
465,214.34,214.59,215.71
466,214.59,215.07,219.65
467,214.58,214.90,215.65
468,214.65,215.00,218.97
469,214.73,215.06,216.10
470,214.91,215.20,215.84
471,214.95,215.24,216.07
472,215.15,215.43,216.31
473,215.31,215.52,216.51
474,215.48,215.74,216.47
475,215.37,215.78,216.58
476,215.73,215.93,216.71
477,215.73,216.19,220.29
478,215.92,216.16,216.97
479,215.99,216.37,220.58
480,216.20,216.47,217.08
481,216.21,216.57,220.53
482,216.43,216.72,217.38
483,216.53,216.86,220.74
484,216.66,217.24,220.01
485,216.87,217.69,224.27
486,216.87,217.24,218.04
487,217.14,217.46,221.53
488,217.25,217.54,218.33
489,217.37,217.75,221.82
490,217.29,218.09,222.36
491,217.81,218.50,224.76
492,217.91,218.13,218.78
493,218.01,218.25,219.23
494,218.08,218.35,219.09
495,218.22,218.49,219.14
496,218.48,218.94,223.39
497,218.36,218.68,223.00
498,218.43,218.83,219.50
499,218.76,219.01,219.71
500,218.84,219.12,220.00
501,219.12,219.40,223.84
502,219.11,219.38,220.00
503,219.20,219.58,224.00
504,219.35,219.69,220.35
505,219.50,219.84,224.37
506,219.69,220.00,220.69
507,219.85,220.26,224.85
508,220.04,220.32,221.08
509,220.11,220.43,224.99
510,220.38,220.61,221.44
511,220.37,220.69,225.49
512,220.54,220.78,221.23
513,220.46,220.74,221.47
514,220.82,221.30,227.02
515,221.07,221.91,229.35
516,221.16,221.53,226.01
517,221.38,221.56,222.40
518,221.45,221.73,222.27
519,221.64,221.91,222.63
520,221.97,222.58,227.57
521,221.93,222.84,229.20
522,221.98,222.30,223.09
523,222.23,222.49,223.22
524,222.46,222.74,223.36
525,222.58,222.96,226.13
526,222.73,223.26,227.68
527,222.91,223.22,228.31
528,223.13,223.36,224.12
529,223.07,223.44,228.55
530,223.36,223.60,224.20
531,223.67,223.95,228.85
532,223.76,223.95,224.60
533,223.86,224.12,225.17
534,224.04,224.29,224.99
535,224.21,224.43,225.16
536,224.33,224.67,225.40
537,224.51,224.82,225.60
538,224.75,225.03,225.76
539,224.88,225.13,225.79
540,225.13,225.35,226.08
541,225.21,225.46,226.50
542,225.34,225.58,226.24
543,225.51,225.77,227.91
544,225.73,226.25,230.39
545,225.74,226.36,235.60
546,225.85,226.12,226.92
547,226.07,226.31,227.22
548,226.18,226.50,227.10
549,226.39,226.71,227.69
550,226.72,227.42,232.93
551,226.75,227.46,236.74
552,226.88,227.21,227.94
553,227.18,227.38,228.15
554,227.21,227.59,232.75
555,227.47,227.79,228.46
556,227.57,228.13,234.72
557,227.76,228.06,229.14
558,227.94,228.16,229.09
559,228.03,228.31,229.19
560,228.20,228.47,229.33
561,228.25,228.61,229.63
562,228.62,228.91,233.33
563,228.66,228.94,230.45
564,228.82,229.09,229.82
565,229.03,229.27,230.29
566,229.29,229.56,235.60
567,229.44,229.62,230.24
568,229.62,229.84,230.71
569,229.69,229.98,230.64
570,229.93,230.20,230.89
571,230.13,230.40,231.10
572,230.33,230.65,236.04
573,230.41,231.00,235.20
574,230.57,231.29,240.80
575,230.78,230.96,231.81
576,230.89,231.20,235.08
577,230.98,231.21,231.96
578,231.32,231.64,237.02
579,231.41,232.38,238.25
580,231.54,232.19,242.70
581,231.75,232.00,232.70
582,231.88,232.12,232.84
583,232.14,232.36,233.04
584,232.28,232.85,239.82
585,232.46,232.77,233.46
586,232.57,232.88,233.65
587,232.79,233.06,233.85
588,233.03,233.33,238.71
589,233.15,233.49,238.83
590,233.28,233.54,234.35
591,233.46,233.72,234.46
592,233.63,234.00,238.59
593,233.63,234.03,238.81
594,234.05,234.28,235.09
595,234.26,234.56,239.41
596,234.37,234.61,235.90
597,234.49,234.82,235.58
598,234.72,234.96,235.80
599,234.86,235.09,235.76
600,235.14,235.33,236.09
601,235.29,235.71,240.77
602,235.49,236.23,245.79
603,235.51,235.80,236.61
604,235.76,235.98,237.01
605,235.90,236.10,236.79
606,236.00,236.30,240.98
607,236.12,237.00,243.15
608,236.37,237.24,245.48
609,236.48,236.71,237.49
610,236.79,237.02,238.32
611,236.83,237.18,242.81
612,237.09,237.31,238.18
613,237.27,237.88,244.39
614,237.38,237.65,238.82
615,237.56,237.85,239.22
616,237.71,237.95,238.70
617,237.90,238.11,238.84
618,238.04,238.28,239.08
619,238.07,238.42,239.17
620,238.40,238.62,239.35
621,238.55,238.75,239.35
622,238.55,238.85,239.51
623,238.71,239.11,240.53
624,238.90,239.11,239.84
625,238.96,239.31,242.62
626,239.24,239.52,240.67
627,239.43,239.80,243.91
628,239.55,239.87,241.17
629,239.76,240.23,244.91
630,239.99,240.74,251.98
631,240.04,240.30,241.05
632,240.13,240.47,241.73
633,240.35,240.57,241.31
634,240.39,240.74,241.54
635,240.67,241.60,247.95
636,240.80,241.49,252.37
637,240.90,241.34,246.96
638,241.22,241.42,242.30
639,241.22,241.49,242.26
640,241.37,241.98,249.14
641,241.50,241.74,242.39
642,241.74,242.00,242.64
643,241.92,242.20,243.25
644,242.01,242.32,243.05
645,242.23,242.53,243.18
646,242.40,242.65,243.16
647,242.55,242.82,243.81
648,242.62,242.89,243.51
649,242.82,243.05,243.83
650,242.96,243.30,248.77
651,243.16,243.45,244.18
652,243.38,243.73,249.13
653,243.55,243.82,244.42
654,243.63,243.98,248.43
655,243.91,244.23,249.76
656,244.03,244.28,245.07
657,244.27,245.23,252.96
658,244.39,244.67,245.76
659,244.69,245.02,250.44
660,244.86,245.10,245.94
661,245.08,245.34,246.36
662,245.36,246.07,252.71
663,245.54,246.20,256.96
664,245.67,245.92,248.81
665,245.84,246.09,247.22
666,245.86,246.30,251.64
667,246.07,246.65,252.68
668,246.32,246.74,252.00
669,246.50,246.80,247.65
670,246.78,247.06,247.80
671,246.95,247.19,247.89
672,247.05,247.36,248.33
673,247.08,247.41,248.60
674,247.38,247.70,248.40
675,247.64,247.92,251.99
676,247.86,248.10,248.93
677,248.00,248.34,249.06
678,248.19,248.57,254.02
679,248.37,248.68,249.59
680,248.48,248.74,249.49
681,248.63,248.93,249.61
682,248.78,249.06,249.78
683,249.00,249.33,253.76
684,249.12,249.83,260.77
685,249.26,249.48,250.26
686,249.35,249.61,250.52
687,249.54,249.78,250.45
688,249.61,249.97,253.46
689,249.73,250.70,257.33
690,250.08,250.64,262.67
691,250.01,250.31,251.22
692,250.16,250.47,251.17
693,250.28,250.61,255.26
694,250.42,250.97,257.20
695,250.55,250.77,251.60
696,250.64,250.88,251.62
697,250.76,251.04,252.02
698,250.91,251.27,256.89
699,250.99,251.26,252.03
700,251.17,251.39,252.73
701,251.15,251.47,252.34
702,251.42,251.61,252.33
703,251.54,251.80,253.69
704,251.60,251.88,252.87
705,251.50,251.96,256.57
706,251.71,252.01,252.88
707,251.84,252.11,253.20
708,251.93,252.24,252.81
709,252.26,252.43,253.16
710,252.43,252.99,258.16
711,252.26,253.02,264.36
712,252.46,252.74,253.63
713,252.53,252.97,253.75
714,252.81,253.10,253.65
715,252.93,253.78,262.09
716,253.13,253.97,264.15
717,253.24,253.60,254.28
718,253.41,253.77,254.85
719,253.73,254.10,259.98
720,253.88,254.51,261.74
721,253.99,254.23,255.36
722,254.18,254.41,255.20
723,254.33,254.59,255.27
724,254.47,254.88,261.17
725,254.73,254.96,255.76
726,254.85,255.19,261.40
727,255.14,255.45,256.27
728,255.32,255.59,259.49
729,255.52,255.80,256.40
730,255.73,255.96,256.70
731,255.91,256.15,256.86
732,256.05,256.40,262.41
733,256.33,256.58,257.39
734,256.43,256.78,257.57
735,256.67,256.92,257.70
736,256.76,257.36,262.29
737,256.72,257.44,266.28
738,257.13,257.40,258.06
739,257.23,257.52,258.67
740,257.44,257.71,258.35
741,257.66,258.50,265.11
742,257.92,258.75,266.63
743,257.97,258.28,264.10
744,258.06,258.35,259.16
745,258.18,258.54,259.79
746,258.37,258.94,265.00
747,258.56,258.82,259.59
748,258.72,259.09,264.03
749,258.86,259.09,260.28
750,258.97,259.28,259.95
751,259.01,259.35,260.04
752,259.21,259.50,260.37
753,259.24,259.50,260.27
754,259.43,259.85,265.69
755,259.47,259.73,260.52
756,259.56,259.81,260.84
757,259.55,259.88,260.66
758,259.59,259.94,260.67
759,259.67,260.04,261.15
760,259.80,260.20,266.41
761,259.99,260.39,263.70
762,260.24,261.14,269.39
763,260.22,260.48,261.13
764,260.47,260.72,261.39
765,260.50,260.74,261.54
766,260.59,261.05,267.93
767,260.75,261.74,272.85
768,260.78,261.08,261.82
769,260.84,261.21,267.80
770,261.06,261.35,262.01
771,261.29,261.59,262.20
772,261.37,262.03,270.27
773,261.45,261.76,262.39
774,261.57,261.90,262.67
775,261.83,262.00,262.70
776,261.94,262.17,262.86
777,262.02,262.25,262.99
778,262.15,262.40,263.00
779,262.37,262.59,263.33
780,262.48,262.69,263.45
781,262.53,262.82,263.55
782,262.68,262.98,263.75
783,262.91,263.14,263.85
784,263.03,263.34,264.01
785,263.07,263.38,264.02
786,263.40,263.65,265.16
787,263.75,264.80,277.11
788,263.76,264.03,264.79
789,263.99,264.38,269.81
790,264.21,264.49,265.12
791,264.28,264.71,271.42
792,264.52,265.45,273.25
793,264.63,265.43,281.37
794,264.88,265.22,270.99
795,264.93,265.24,265.95
796,265.12,265.43,266.18
797,265.42,266.18,274.06
798,265.58,265.93,272.71
799,265.72,265.92,266.56
800,265.82,266.09,266.63
