ICOUNT,MIN,AVG,MAX
16,108.35,113.31,150.28
17,108.44,108.70,108.96
18,92.89,105.39,110.19
19,92.49,92.75,93.77
20,92.65,92.91,93.36
21,92.71,92.91,93.74
22,92.69,93.01,93.23
23,92.87,93.11,94.08
24,93.16,93.31,93.49
25,92.96,93.22,93.44
26,92.89,93.19,94.17
27,92.92,93.15,93.60
28,93.21,93.46,93.81
29,93.37,93.64,93.86
30,93.46,93.81,96.02
31,92.69,93.67,94.88
32,93.40,93.68,93.88
33,93.50,93.67,93.86
34,93.39,93.61,94.13
35,93.41,93.61,93.79
36,93.77,94.00,95.00
37,93.84,94.02,94.24
38,93.81,94.03,94.24
39,93.90,94.13,94.56
40,93.82,94.08,94.26
41,93.88,94.07,94.41
42,93.96,94.13,94.37
43,93.89,94.16,94.98
44,93.86,94.11,94.37
45,93.98,94.22,95.45
46,94.15,94.52,95.18
47,94.17,94.38,95.31
48,94.10,94.29,94.51
49,94.29,94.48,94.63
50,94.95,95.26,95.65
51,95.11,95.40,96.46
52,95.09,95.33,95.61
53,95.14,95.33,95.56
54,95.20,95.47,95.89
55,95.11,95.35,95.72
56,95.18,95.35,95.72
57,95.26,95.45,95.72
58,95.21,95.35,95.63
59,95.09,95.34,95.54
60,95.18,95.33,95.78
61,95.17,95.54,96.65
62,95.24,95.40,95.53
63,95.18,95.33,96.21
64,95.15,95.34,95.67
65,95.12,95.40,95.95
66,95.18,95.39,95.58
67,95.24,95.38,95.54
68,95.22,95.46,95.78
69,95.27,95.46,95.72
70,95.24,95.40,95.58
71,95.25,95.41,95.60
72,95.18,95.49,95.87
73,95.24,95.44,95.61
74,95.13,95.41,95.61
75,95.14,95.36,95.58
76,95.12,95.49,95.98
77,95.20,95.47,95.72
78,95.37,95.55,95.78
79,95.45,95.68,95.94
80,96.15,96.49,96.80
81,96.64,96.83,97.10
82,97.46,97.69,97.94
83,97.84,98.08,98.42
84,98.00,98.27,98.54
85,98.12,98.25,98.47
86,98.07,98.26,98.47
87,97.92,98.23,98.49
88,98.07,98.29,98.52
89,98.19,98.38,98.60
90,98.16,98.37,98.62
91,98.11,98.38,98.63
92,98.20,98.35,98.55
93,98.19,98.35,98.51
94,98.19,98.45,98.76
95,98.18,98.42,98.65
96,98.27,98.45,99.28
97,98.20,98.45,98.67
98,98.25,98.52,98.93
99,98.26,98.48,98.66
100,98.21,98.45,98.86
101,98.34,98.56,98.91
102,98.40,98.59,99.34
103,98.38,98.59,98.91
104,98.35,98.58,98.76
105,98.46,98.69,99.03
106,98.46,98.65,98.84
107,98.47,98.68,98.94
108,98.47,98.64,98.82
109,98.59,98.76,99.06
110,98.53,98.73,98.93
111,98.48,98.76,99.14
112,98.54,98.76,99.03
113,98.63,99.23,102.54
114,98.87,99.17,100.19
115,98.86,99.10,99.48
116,98.87,99.05,99.34
117,98.90,99.10,99.28
118,98.93,99.13,99.48
119,99.08,99.28,99.51
120,99.64,99.88,100.71
121,100.55,100.88,101.16
122,101.65,101.95,102.40
123,103.04,103.27,103.45
124,103.60,103.97,104.25
125,104.39,104.64,104.89
126,104.82,105.15,105.49
127,104.94,105.43,106.50
128,105.10,105.39,106.24
129,105.33,105.49,105.60
130,105.46,105.60,105.84
131,105.42,105.66,105.87
132,105.48,105.76,106.21
133,105.73,105.96,106.18
134,105.87,106.12,106.31
135,106.07,106.23,106.49
136,106.27,106.49,106.90
137,106.34,106.60,106.90
138,106.51,106.74,107.01
139,106.63,106.87,107.21
140,106.77,107.04,107.37
141,106.94,107.39,108.56
142,107.28,107.59,107.95
143,107.41,107.67,108.18
144,107.61,107.86,108.11
145,107.72,108.08,108.35
146,108.02,108.39,108.77
147,108.22,108.55,108.84
148,108.28,108.71,109.08
149,108.63,108.95,109.77
150,108.82,109.05,109.34
151,108.96,109.28,109.62
152,109.25,109.56,109.99
153,109.56,109.78,109.99
154,109.70,109.92,110.21
155,109.91,110.16,110.74
156,110.07,110.44,110.77
157,110.40,110.66,110.85
158,110.57,110.84,111.16
159,110.95,111.20,111.47
160,111.25,111.48,111.71
161,111.40,111.66,111.91
162,111.59,111.82,112.12
163,111.78,111.94,112.12
164,111.86,112.05,112.22
165,111.84,112.16,112.39
166,112.14,112.31,112.52
167,112.32,112.46,112.68
168,112.35,112.64,113.16
169,112.82,113.00,113.25
170,112.99,113.24,113.54
171,113.28,113.61,114.00
172,113.42,113.65,113.92
173,113.73,113.92,114.23
174,113.89,114.11,114.54
175,114.06,114.32,114.52
176,114.36,114.60,114.82
177,114.65,114.83,115.01
178,114.87,115.21,115.53
179,115.07,115.34,115.56
180,115.34,115.67,116.01
181,115.82,116.02,116.32
182,115.98,116.25,116.49
183,116.32,116.66,117.20
184,117.00,117.24,117.46
185,117.29,117.48,118.47
186,117.70,118.00,118.70
187,117.88,118.21,118.77
188,118.23,118.44,118.72
189,118.37,118.78,119.04
190,118.84,118.97,119.25
191,118.97,119.15,119.45
192,119.15,119.46,119.94
193,119.44,119.69,119.85
194,119.71,119.89,120.11
195,119.98,120.22,120.52
196,120.60,120.82,121.09
197,120.85,121.10,121.39
198,120.96,121.39,122.39
199,121.19,121.34,122.46
200,121.32,121.50,121.70
201,121.53,121.99,122.40
202,122.20,122.42,122.71
203,122.48,122.72,123.05
204,122.70,122.99,123.41
205,123.05,123.35,123.73
206,123.68,123.89,124.21
207,124.01,124.22,124.62
208,124.39,124.58,124.87
209,124.82,125.07,126.00
210,125.02,125.37,125.99
211,125.09,125.45,125.97
212,125.36,125.78,126.06
213,126.07,126.43,126.63
214,126.50,126.65,126.84
215,126.73,126.93,127.17
216,126.93,127.15,127.41
217,127.24,127.49,127.71
218,127.58,127.93,128.25
219,127.99,128.30,128.52
220,128.29,128.62,128.96
221,128.79,129.19,129.55
222,129.19,129.49,129.78
223,129.52,129.72,130.00
224,129.79,130.13,130.40
225,130.33,130.52,130.77
226,130.59,130.87,131.16
227,130.85,131.10,131.93
228,131.27,131.50,131.73
229,131.65,132.02,132.57
230,132.09,132.36,132.61
231,132.48,132.70,133.01
232,132.73,133.08,133.56
233,133.40,133.61,133.80
234,133.80,134.00,134.26
235,134.36,134.62,134.84
236,135.53,135.84,136.30
237,136.61,137.07,137.40
238,139.40,139.94,140.53
239,141.39,142.11,142.59
240,144.77,145.57,146.05
241,149.48,150.15,150.83
242,154.15,155.85,156.64
243,158.68,160.00,160.81
244,164.49,165.58,166.86
245,172.15,173.04,174.06
246,178.36,179.58,182.75
247,182.82,184.25,186.46
248,186.74,187.46,188.07
249,189.56,190.20,190.74
250,191.39,191.90,192.28
251,193.25,193.78,194.52
252,194.03,194.43,194.77
253,193.78,194.27,194.93
254,194.25,194.83,196.15
255,193.78,194.23,195.46
256,194.14,194.61,194.93
257,194.34,195.07,195.55
258,194.86,195.25,195.53
259,195.08,195.58,195.95
260,195.28,195.66,195.93
261,195.43,196.04,197.71
262,195.51,196.04,197.14
263,195.76,196.13,196.58
264,195.90,196.30,196.74
265,196.11,196.46,196.78
266,196.20,196.53,196.88
267,196.25,196.64,197.55
268,196.47,196.78,197.21
269,196.74,197.01,197.48
270,196.96,197.29,197.61
271,197.19,197.54,197.84
272,197.35,197.74,198.15
273,197.48,197.69,197.99
274,197.56,197.74,198.09
275,197.55,197.96,198.33
276,197.86,198.30,198.52
277,198.18,198.52,198.84
278,198.29,198.69,198.96
279,198.40,198.73,199.03
280,198.52,199.03,199.63
281,198.67,199.18,199.36
282,199.16,199.41,199.67
283,199.23,199.57,199.83
284,199.36,199.67,200.10
285,199.41,199.65,200.03
286,199.56,199.82,200.10
287,199.77,200.35,201.94
288,200.10,200.48,200.79
289,200.17,200.51,200.82
290,200.24,200.53,200.84
291,200.44,200.91,201.31
292,200.68,201.01,201.38
293,200.86,201.42,201.79
294,200.99,201.69,203.14
295,200.92,201.23,202.24
296,200.84,201.40,201.89
297,201.24,201.65,202.09
298,201.65,202.15,202.72
299,202.22,202.58,203.06
300,202.66,202.95,203.33
301,202.41,203.17,204.43
302,202.32,202.59,202.99
303,202.47,202.84,203.26
304,202.86,203.10,203.53
305,203.12,203.42,203.73
306,203.13,203.39,203.80
307,203.36,203.63,204.47
308,203.46,203.84,204.54
309,203.73,204.21,204.54
310,203.90,204.28,204.57
311,203.90,204.35,204.88
312,204.34,204.71,205.21
313,204.34,204.63,205.03
314,204.51,205.18,205.81
315,205.12,205.46,206.22
316,205.23,205.57,205.97
317,205.44,205.86,206.33
318,205.79,206.09,206.47
319,206.01,206.31,206.74
320,206.14,206.68,207.36
321,206.21,206.72,207.23
322,206.47,206.98,207.44
323,206.82,207.17,207.44
324,207.02,207.36,207.82
325,206.94,207.45,207.93
326,207.16,207.81,209.33
327,207.36,207.98,208.64
328,207.77,208.19,208.64
329,207.96,208.37,208.95
330,208.32,208.58,208.89
331,208.23,208.63,208.97
332,208.49,208.85,209.45
333,208.53,209.22,210.65
334,208.54,208.87,209.15
335,208.71,209.06,209.39
336,208.84,209.19,209.47
337,209.24,209.66,210.14
338,209.54,209.98,210.29
339,209.98,210.30,210.69
340,209.69,210.24,211.80
341,209.78,210.13,210.70
342,210.11,210.51,211.19
343,210.75,211.10,211.39
344,211.06,211.47,211.94
345,211.39,211.74,212.62
346,211.53,211.96,212.27
347,211.93,212.21,212.60
348,212.29,212.57,212.96
349,212.38,212.82,213.25
350,212.62,213.00,213.39
351,212.54,212.94,213.21
352,212.80,213.23,213.61
353,213.09,213.41,213.75
354,213.28,213.59,214.07
355,213.52,213.89,214.42
356,213.93,214.33,214.66
357,214.35,214.76,215.35
358,214.65,214.98,215.36
359,215.19,215.61,216.05
360,215.56,216.02,216.52
361,215.70,216.06,216.36
362,216.05,216.38,216.78
363,216.30,217.00,219.98
364,216.96,217.34,218.32
365,216.92,217.29,217.70
366,217.24,217.58,217.95
367,217.65,217.92,218.36
368,217.87,218.31,218.72
369,218.32,218.74,219.10
370,218.03,219.04,219.95
371,217.98,218.40,218.72
372,218.22,218.91,219.43
373,219.06,219.45,219.93
374,219.73,220.35,220.88
375,220.33,220.70,221.14
376,220.13,220.89,221.80
377,220.69,221.10,221.68
378,220.81,221.23,221.76
379,220.99,221.45,221.88
380,221.33,221.75,222.13
381,221.68,222.07,222.48
382,222.03,222.42,223.60
383,222.12,222.57,223.02
384,222.35,222.85,223.22
385,222.82,223.15,223.43
386,223.12,223.51,223.82
387,223.35,223.67,224.08
388,223.65,224.13,224.84
389,224.12,224.56,224.92
390,224.37,224.82,225.17
391,224.70,225.15,225.64
392,225.11,225.35,225.71
393,225.42,225.80,226.11
394,225.59,225.97,226.38
395,226.00,226.35,226.63
396,226.32,226.61,226.89
397,226.61,226.91,227.26
398,226.99,227.26,227.59
399,226.66,227.64,231.78
400,226.96,227.37,227.83
401,227.51,228.00,228.44
402,227.73,228.28,228.86
403,228.40,228.67,228.93
404,228.67,228.96,229.41
405,228.94,229.53,232.42
406,228.67,229.15,230.46
407,229.27,229.56,229.95
408,229.87,230.22,230.61
409,230.29,230.66,231.26
410,230.74,231.07,231.45
411,230.99,231.56,231.98
412,231.33,231.83,233.48
413,231.42,231.75,232.12
414,231.89,232.43,232.90
415,232.57,233.12,233.44
416,232.90,233.33,233.60
417,233.41,233.76,234.65
418,233.77,234.06,234.44
419,234.16,234.57,235.03
420,234.61,234.95,235.23
421,234.72,235.07,235.50
422,235.00,235.30,235.65
423,235.25,235.67,236.05
424,236.08,236.41,236.76
425,236.49,236.96,237.36
426,236.94,237.28,237.94
427,237.61,237.97,238.55
428,238.21,238.55,239.02
429,238.48,238.81,239.15
430,238.75,239.30,239.59
431,239.07,239.38,239.68
432,239.22,239.55,239.83
433,239.25,239.70,241.67
434,239.49,239.81,240.36
435,239.61,239.96,240.43
436,239.74,240.01,240.36
437,240.10,240.36,240.63
438,240.48,240.78,241.17
439,240.19,241.26,242.68
440,240.16,240.67,241.10
441,240.70,241.41,241.88
442,241.48,241.84,242.28
443,241.88,242.25,242.58
444,242.19,242.44,242.75
445,242.54,243.10,244.45
446,243.05,243.42,243.82
447,243.36,244.03,244.60
448,243.91,244.34,244.59
449,244.30,244.60,245.19
450,244.80,245.05,246.01
451,244.92,245.37,246.00
452,245.40,245.66,246.01
453,245.62,246.05,246.55
454,246.02,246.47,246.82
455,246.51,246.93,247.37
456,246.61,247.10,248.47
457,246.93,247.30,247.61
458,247.02,247.55,248.22
459,247.35,247.80,248.23
460,247.80,248.17,248.89
461,248.20,248.54,248.83
462,248.50,248.89,249.46
463,248.97,249.29,249.64
464,249.30,249.91,250.59
465,249.99,250.37,251.82
466,250.38,251.08,252.66
467,250.66,251.05,251.50
468,251.04,251.41,251.90
469,251.45,251.74,252.13
470,251.50,251.95,252.40
471,251.99,252.55,253.85
472,252.12,252.49,253.61
473,252.39,252.66,253.00
474,252.50,252.93,253.30
475,253.00,253.49,254.15
476,253.40,253.90,254.28
477,253.72,254.38,256.15
478,253.84,254.20,254.56
479,254.27,254.59,254.84
480,254.82,255.07,255.35
481,255.31,255.56,255.82
482,255.51,255.87,257.01
483,255.89,256.25,256.70
484,256.04,256.63,257.08
485,256.78,257.29,257.66
486,257.24,257.63,258.00
487,257.71,257.99,258.31
488,257.98,258.31,258.68
489,258.18,258.67,258.94
490,258.71,258.97,259.31
491,258.98,259.32,259.86
492,259.44,259.81,260.13
493,260.01,260.31,260.72
494,260.33,260.67,261.00
495,260.68,261.04,261.30
496,261.19,261.47,261.73
497,261.38,262.11,264.09
498,261.94,262.36,262.84
499,262.52,262.94,263.42
500,263.16,263.56,263.96
501,263.69,263.94,264.18
502,263.65,264.49,266.56
503,263.69,264.08,264.51
504,264.63,264.97,265.42
505,265.10,265.48,265.86
506,265.39,265.81,266.13
507,265.91,266.30,267.72
508,266.16,266.53,267.65
509,266.46,266.90,267.25
510,267.10,267.38,267.98
511,267.25,267.57,267.92
512,267.38,267.70,268.36
513,267.86,268.32,268.78
514,267.86,268.31,268.75
515,268.45,268.81,269.41
516,269.10,269.44,269.76
517,269.37,269.74,270.19
518,269.56,269.86,270.15
519,269.69,270.17,270.84
520,270.14,270.70,271.06
521,270.48,270.90,271.27
522,270.61,271.10,271.48
523,271.08,271.55,272.04
524,271.40,271.89,272.34
525,271.77,272.19,272.68
526,272.09,272.74,274.32
527,272.48,272.80,273.23
528,272.62,272.99,273.30
529,273.17,273.60,273.92
530,273.43,273.84,274.37
531,273.79,274.25,275.87
532,273.49,274.28,276.07
533,274.24,274.72,275.11
534,274.81,275.10,275.38
535,274.94,275.43,275.79
536,275.52,275.84,276.23
537,275.67,276.29,278.08
538,276.07,276.35,276.98
539,276.61,277.03,277.37
540,277.03,277.32,277.65
541,277.43,277.77,278.68
542,277.63,278.09,278.65
543,278.54,278.99,279.42
544,279.02,279.52,279.92
545,279.69,279.93,280.38
546,279.78,280.19,280.54
547,280.32,280.64,281.03
548,280.56,280.92,281.30
549,280.69,281.16,281.43
550,280.90,281.44,281.81
551,281.43,281.82,282.38
552,281.76,282.10,282.39
553,281.90,282.24,282.58
554,282.31,282.81,283.18
555,282.37,283.09,285.33
556,282.74,283.13,283.40
557,282.84,283.25,283.95
558,283.48,283.88,284.29
559,284.09,284.49,284.81
560,284.05,284.86,286.58
561,284.79,285.27,285.73
562,285.13,285.52,286.00
563,285.65,285.98,286.27
564,285.83,286.23,286.50
565,285.94,286.55,288.08
566,286.28,286.74,287.18
567,286.88,287.30,287.72
568,286.23,286.77,287.86
569,286.71,287.33,288.43
570,287.43,287.82,288.20
571,288.06,288.38,288.65
572,288.40,288.73,289.18
573,288.67,289.09,289.54
574,289.23,289.74,290.04
575,289.77,290.02,290.39
576,290.09,290.46,290.84
577,285.42,289.38,291.47
578,285.55,287.39,288.56
579,288.69,288.96,289.23
580,288.96,289.22,289.55
581,289.36,290.64,291.92
582,291.04,291.64,293.41
583,291.38,292.00,293.12
584,291.92,292.33,292.69
585,292.41,292.74,293.04
586,292.72,293.04,293.43
587,292.99,293.73,295.08
588,293.71,294.07,295.37
589,294.16,294.48,295.24
590,294.41,294.76,296.09
591,292.41,294.07,295.25
592,292.86,293.35,295.01
593,292.99,293.38,293.83
594,293.40,293.72,294.20
595,294.19,294.55,294.88
596,294.69,295.19,295.95
597,295.44,295.93,296.28
598,296.11,296.48,296.91
599,297.09,297.33,297.82
600,297.20,297.60,297.94
