ICOUNT,MIN,AVG,MAX
16,110.12,114.10,150.65
17,110.34,110.54,110.71
18,95.36,105.56,111.70
19,94.92,95.19,96.03
20,94.91,95.15,95.33
21,94.57,94.86,95.75
22,94.83,95.01,95.24
23,94.94,95.21,96.26
24,95.11,95.30,95.48
25,95.14,95.34,95.59
26,95.01,95.23,95.98
27,94.90,95.13,95.31
28,95.21,95.42,95.69
29,95.43,96.08,98.60
30,95.24,95.71,97.26
31,95.22,95.42,95.65
32,95.24,95.40,95.86
33,95.31,95.43,95.65
34,95.24,95.47,95.67
35,95.24,95.51,96.46
36,95.69,95.97,96.24
37,95.90,96.11,96.25
38,95.98,96.11,96.25
39,95.92,96.08,96.25
40,95.98,96.16,96.34
41,95.89,96.07,96.23
42,95.96,96.18,96.93
43,96.05,96.32,97.05
44,96.66,97.14,99.21
45,96.04,96.49,97.96
46,96.12,96.32,96.53
47,95.97,96.21,96.45
48,96.52,96.74,97.14
49,96.51,96.79,96.98
50,97.33,97.53,97.73
51,97.49,97.77,98.74
52,97.40,97.59,97.82
53,97.35,97.51,97.72
54,97.31,97.50,97.66
55,97.38,97.55,97.75
56,97.45,97.61,97.96
57,97.34,97.55,97.81
58,97.47,97.78,99.01
59,97.77,98.18,99.08
60,97.42,97.66,98.00
61,97.10,97.32,97.49
62,97.19,97.45,98.29
63,97.38,97.49,97.75
64,97.32,97.51,97.70
65,97.30,97.48,97.73
66,97.30,97.52,97.72
67,97.32,97.51,97.73
68,97.40,97.57,97.79
69,97.30,97.52,97.76
70,97.33,97.50,97.73
71,97.16,97.47,97.73
72,97.13,97.50,97.87
73,97.26,97.53,97.82
74,97.27,97.45,97.71
75,97.25,97.42,97.66
76,97.08,97.34,98.20
77,97.16,97.34,97.88
78,97.23,97.63,97.96
79,97.16,97.35,97.48
80,98.10,98.25,98.45
81,98.35,98.66,98.85
82,99.37,99.55,99.76
83,99.78,100.00,100.22
84,100.02,100.17,100.35
85,100.02,100.22,100.37
86,100.20,100.41,100.72
87,100.33,100.48,100.63
88,100.22,100.52,100.87
89,100.50,100.66,100.80
90,100.55,100.73,100.90
91,100.64,100.81,101.03
92,100.80,100.95,101.07
93,100.82,100.97,101.13
94,100.82,100.98,101.18
95,100.76,100.97,101.90
96,100.80,100.95,101.14
97,100.82,100.93,101.10
98,100.87,101.00,101.12
99,101.02,101.18,101.39
100,100.96,101.11,101.37
101,100.96,101.12,101.31
102,100.95,101.10,101.29
103,100.97,101.13,101.37
104,101.03,101.20,101.43
105,101.03,101.18,101.43
106,101.03,101.21,101.43
107,101.09,101.32,101.50
108,101.09,101.34,101.58
109,101.11,101.43,101.73
110,101.81,102.40,104.27
111,101.48,101.97,102.30
112,101.60,101.89,102.30
113,101.56,101.87,102.15
114,101.63,101.85,102.14
115,101.63,101.80,102.07
116,101.72,102.26,103.47
117,102.01,102.27,102.56
118,102.03,102.32,103.24
119,102.24,102.53,102.80
120,103.00,103.20,103.40
121,103.60,103.94,104.14
122,104.79,105.05,105.26
123,105.80,106.38,107.66
124,107.13,107.84,110.78
125,107.55,107.77,108.05
126,108.00,108.15,108.33
127,108.18,108.40,108.55
128,108.39,108.59,108.80
129,108.63,108.90,110.64
130,108.85,109.07,109.32
131,109.02,109.24,109.52
132,109.18,109.43,109.63
133,109.44,109.71,110.10
134,109.72,109.95,110.30
135,109.89,110.11,110.35
136,110.15,110.38,111.38
137,110.91,111.31,112.21
138,111.19,111.41,111.65
139,111.37,111.53,111.78
140,111.58,111.72,111.85
141,111.79,111.99,112.25
142,112.05,112.28,112.55
143,112.39,112.72,112.96
144,112.99,113.21,113.53
145,113.52,113.70,113.93
146,113.93,114.18,115.01
147,114.67,114.91,115.07
148,115.34,115.61,115.88
149,115.93,116.08,116.23
150,116.35,116.54,116.75
151,116.89,117.08,117.37
152,117.43,117.63,117.83
153,118.00,118.16,118.48
154,118.63,118.90,119.17
155,119.28,119.53,119.81
156,120.25,120.40,120.52
157,120.85,121.02,121.19
158,121.48,121.74,121.96
159,122.45,122.53,122.69
160,123.19,123.37,123.53
161,124.01,124.16,124.29
162,124.69,124.76,124.95
163,124.87,125.14,125.40
164,125.68,125.82,126.04
165,126.30,126.52,126.77
166,127.24,127.39,127.64
167,127.91,128.16,128.33
168,128.45,128.66,129.03
169,129.05,129.24,129.45
170,129.86,130.14,130.48
171,130.73,130.89,131.07
172,131.45,131.62,131.77
173,132.15,132.46,132.62
174,132.79,133.08,133.36
175,133.56,133.73,133.91
176,134.16,134.35,134.59
177,135.21,135.37,135.60
178,135.57,135.81,136.66
179,136.17,136.46,137.46
180,136.92,137.17,137.41
181,137.17,137.31,137.59
182,137.73,137.96,138.41
183,139.14,139.32,139.41
184,139.27,139.42,139.60
185,140.12,140.30,140.55
186,141.42,141.57,141.79
187,141.29,141.53,141.70
188,142.23,142.53,143.37
189,143.44,143.69,144.53
190,144.04,144.37,144.67
191,144.70,144.94,145.25
192,145.19,145.50,145.83
193,145.99,146.31,146.62
194,146.80,147.00,147.42
195,147.17,147.42,147.69
196,147.65,147.98,148.17
197,148.47,148.76,148.94
198,149.56,149.86,150.87
199,150.28,150.56,151.38
200,151.01,151.24,151.52
201,151.56,151.71,151.94
202,152.43,152.53,152.66
203,152.91,153.16,153.39
204,153.87,154.00,154.13
205,154.51,154.68,154.82
206,155.20,155.43,155.67
207,156.00,156.14,156.32
208,156.48,156.71,156.92
209,156.95,157.19,157.42
210,157.69,157.88,158.07
211,158.61,158.79,159.03
212,159.50,159.65,159.85
213,159.91,160.09,160.40
214,160.80,161.03,162.10
215,161.68,161.88,162.06
216,162.39,162.71,163.07
217,162.80,163.12,163.33
218,163.54,163.73,164.01
219,163.87,164.22,164.45
220,165.38,165.59,165.82
221,166.63,166.75,166.94
222,166.92,167.18,167.43
223,167.28,167.50,167.70
224,167.89,168.04,168.24
225,169.37,169.66,170.00
226,169.97,170.21,170.72
227,170.27,170.49,170.66
228,170.46,170.72,170.93
229,171.58,171.84,172.05
230,173.15,173.68,174.67
231,173.72,173.91,174.16
232,173.86,174.20,174.39
233,174.43,174.67,174.83
234,175.63,175.81,176.03
235,176.68,176.86,177.11
236,177.21,177.45,177.66
237,177.92,178.13,178.42
238,179.06,179.83,180.75
239,181.31,181.60,181.90
240,183.93,184.52,184.78
241,188.86,189.60,190.22
242,188.51,189.23,189.89
243,189.66,190.25,190.91
244,191.73,192.16,192.57
245,194.03,194.66,195.95
246,197.11,198.31,199.79
247,199.05,199.56,200.01
248,200.92,201.34,201.77
249,202.14,202.53,202.96
250,202.09,202.49,202.98
251,203.96,204.26,204.51
252,204.26,204.60,205.48
253,204.27,204.80,205.06
254,204.74,205.02,205.34
255,204.93,205.28,205.83
256,205.34,205.67,206.08
257,205.41,205.78,206.15
258,205.48,205.80,206.08
259,205.48,205.83,206.35
260,205.68,205.98,206.51
261,206.08,206.34,206.55
262,206.41,206.66,206.96
263,206.35,206.68,207.00
264,206.76,206.98,207.23
265,207.02,207.30,207.57
266,207.16,207.52,207.78
267,207.43,207.74,208.03
268,207.67,207.92,208.10
269,207.85,208.11,208.32
270,208.20,209.03,213.85
271,209.19,209.50,211.13
272,209.41,209.84,210.12
273,209.71,210.00,210.39
274,209.88,210.22,210.48
275,210.31,210.52,210.74
276,210.45,210.65,210.95
277,210.37,211.25,213.23
278,210.92,211.16,211.61
279,211.09,211.30,211.61
280,211.12,211.49,211.90
281,211.34,211.61,211.92
282,211.49,211.91,212.33
283,212.00,212.26,212.54
284,212.86,213.66,215.02
285,213.79,214.33,216.82
286,214.60,214.83,215.13
287,214.96,215.18,215.51
288,215.49,215.80,216.17
289,216.17,216.40,216.70
290,216.57,216.80,217.51
291,216.89,217.09,217.53
292,217.38,217.66,217.99
293,218.33,218.58,218.98
294,219.01,219.40,219.73
295,219.65,219.96,220.38
296,219.87,220.17,220.57
297,220.13,220.42,220.68
298,220.31,220.62,220.94
299,220.78,221.11,221.47
300,221.56,221.97,222.28
301,223.02,223.27,223.50
302,224.37,224.79,225.07
303,224.97,225.19,225.42
304,224.95,225.25,225.47
305,225.21,225.40,225.61
306,225.17,225.46,225.79
307,225.83,226.47,228.20
308,226.92,227.09,227.27
309,228.12,228.38,228.65
310,229.18,229.42,229.73
311,230.01,230.41,230.82
312,230.47,230.74,231.04
313,230.48,231.01,232.03
314,230.74,231.00,231.42
315,231.28,231.52,231.96
316,232.02,232.33,232.63
317,233.24,233.41,233.67
318,234.03,234.41,234.80
319,234.97,235.27,236.46
320,235.46,235.77,236.06
321,236.13,236.45,236.73
322,237.04,237.34,237.63
323,237.65,237.87,238.21
324,238.08,238.25,238.43
325,238.53,238.84,240.03
326,239.45,239.65,239.96
327,240.21,240.45,240.77
328,240.82,241.06,241.34
329,241.68,241.90,242.18
330,242.23,242.52,242.81
331,243.23,243.46,243.84
332,244.06,244.45,244.67
333,245.07,245.30,245.61
334,245.88,246.10,246.41
335,246.27,246.54,247.02
336,246.61,246.94,247.15
337,247.62,248.02,248.28
338,248.35,248.51,248.70
339,248.57,248.94,249.24
340,249.84,250.48,252.04
341,251.11,251.40,251.66
342,251.45,251.74,251.99
343,252.13,252.31,252.50
344,252.78,253.04,253.61
345,253.25,253.59,253.93
346,253.81,254.49,255.67
347,254.68,255.06,255.42
348,255.15,255.45,255.73
349,255.62,256.07,256.36
350,256.09,256.40,256.95
351,256.76,257.36,258.71
352,258.51,258.74,259.14
353,259.00,259.32,259.65
354,259.44,259.68,259.88
355,259.88,260.04,260.19
356,260.03,260.30,261.25
357,261.33,261.62,261.88
358,262.61,262.87,263.16
359,263.41,263.63,263.82
360,263.55,263.94,264.16
361,263.82,264.06,264.29
362,264.43,264.64,264.96
363,265.30,265.58,265.82
364,266.65,266.91,267.18
365,267.21,267.44,267.65
366,267.49,267.65,267.90
367,267.65,267.84,268.04
368,268.66,268.96,269.25
369,269.55,269.81,270.02
370,270.32,270.75,271.02
371,271.64,272.04,272.84
372,272.02,272.22,272.41
373,272.29,272.56,272.73
374,273.14,273.40,273.68
375,274.04,274.34,274.58
376,274.98,275.34,276.32
377,275.61,275.78,276.12
378,276.01,276.16,276.39
379,276.16,276.47,276.80
380,276.93,277.11,277.30
381,277.60,277.97,279.08
382,278.57,278.82,279.08
383,279.17,279.54,279.89
384,279.55,279.84,280.09
385,280.28,280.57,280.78
386,281.49,281.70,282.38
387,281.88,282.18,282.38
388,282.37,282.50,282.71
389,282.84,283.10,283.43
390,284.26,284.49,284.81
391,285.13,285.40,285.74
392,285.36,285.58,285.76
393,285.80,285.99,286.21
394,286.46,286.70,286.90
395,287.21,287.59,287.89
396,287.82,288.08,288.51
397,288.56,288.76,288.98
398,289.26,289.41,289.67
399,290.10,290.79,292.19
400,290.47,290.80,291.25
401,291.30,291.70,292.05
402,292.08,292.27,292.52
403,292.66,292.94,293.26
404,293.13,293.97,294.88
405,294.39,294.77,295.16
406,295.29,295.64,295.95
407,295.95,296.28,296.73
408,296.81,297.03,297.41
409,297.50,297.90,299.20
410,298.15,298.35,298.60
411,298.84,299.00,299.18
412,299.98,300.25,300.42
413,300.32,300.63,301.47
414,300.99,301.29,301.46
415,301.26,301.47,301.73
416,301.60,301.83,302.01
417,302.24,302.46,302.76
418,302.61,302.92,303.12
419,303.50,303.74,304.02
420,304.29,304.58,304.79
421,305.32,305.55,305.79
422,305.90,306.22,306.53
423,306.57,306.83,307.09
424,307.46,307.74,307.97
425,308.05,308.69,312.07
426,309.91,310.46,311.50
427,311.01,311.27,311.56
428,311.65,311.93,312.24
429,312.08,312.28,312.56
430,312.13,312.69,313.79
431,312.35,312.64,312.96
432,312.77,313.08,313.38
433,313.36,313.61,313.83
434,313.84,314.20,315.26
435,314.11,314.61,315.53
436,314.57,314.83,315.17
437,315.28,315.55,316.10
438,316.86,317.11,317.44
439,318.17,318.45,319.53
440,319.88,320.20,320.52
441,321.82,322.10,322.50
442,322.85,323.17,323.48
443,323.18,323.58,323.97
444,323.37,323.73,324.15
445,323.45,323.81,324.09
446,323.70,324.08,324.45
447,324.29,324.54,324.95
448,324.51,324.75,325.03
449,325.54,325.84,326.20
450,326.29,326.57,327.59
451,326.27,326.59,327.76
452,326.53,326.75,327.02
453,326.60,326.99,327.54
454,326.94,327.21,327.50
455,327.72,328.33,329.79
456,329.12,329.64,330.07
457,333.42,333.80,334.26
458,335.47,335.91,336.28
459,336.37,336.82,338.01
460,336.48,336.80,337.11
461,336.68,336.88,337.18
462,336.75,336.99,337.22
463,336.86,337.13,337.96
464,337.18,337.42,337.63
465,337.72,338.10,338.50
466,338.36,338.66,338.90
467,338.69,338.93,339.24
468,338.90,339.15,339.44
469,339.10,339.29,339.71
470,339.19,339.46,339.78
471,339.64,339.86,340.11
472,339.97,340.36,340.63
473,341.49,341.71,342.16
474,342.26,343.65,346.16
475,345.07,345.44,345.83
476,346.23,346.53,346.90
477,347.01,347.32,347.67
478,347.46,348.08,349.22
479,347.94,348.33,348.72
480,348.50,349.03,349.48
481,349.78,349.97,350.40
482,350.46,350.78,352.02
483,350.79,351.11,351.47
484,351.14,351.35,351.82
485,351.34,351.59,351.89
486,352.07,352.44,353.22
487,352.35,352.59,352.84
488,352.41,352.66,353.02
489,352.82,353.08,353.37
490,353.76,354.03,354.29
491,354.98,355.25,355.51
492,355.54,355.79,356.04
493,356.30,356.54,356.85
494,357.47,357.85,358.10
495,358.06,358.28,358.60
496,358.38,358.75,359.40
497,360.10,360.65,361.62
498,360.68,361.02,361.30
499,361.08,361.43,361.96
500,361.35,361.94,363.30
501,362.56,363.02,364.27
502,363.50,363.79,364.18
503,364.18,364.62,364.98
504,364.56,365.14,366.60
505,365.25,365.80,366.46
506,365.77,366.37,366.86
507,366.98,367.35,367.81
508,367.78,368.21,369.19
509,368.35,368.75,369.08
510,368.88,369.18,369.49
511,369.45,369.64,370.06
512,369.89,370.04,370.22
513,370.70,370.93,371.13
514,371.77,372.05,372.30
515,372.81,372.99,373.25
516,373.25,373.50,373.89
517,373.32,373.56,373.91
518,374.26,374.96,377.02
519,375.53,375.94,376.29
520,376.26,376.62,376.95
521,376.83,377.09,377.35
522,377.00,377.45,378.63
523,377.42,377.75,377.95
524,378.07,378.24,378.53
525,378.49,378.69,379.08
526,379.45,380.04,381.13
527,380.17,380.52,380.83
528,380.84,381.10,381.45
529,381.18,381.47,382.33
530,382.36,382.52,382.70
531,382.74,383.02,383.43
532,383.46,383.85,384.34
533,383.78,384.15,384.53
534,384.31,384.71,385.15
535,385.33,385.65,386.08
536,386.57,386.84,387.10
537,388.04,388.34,388.95
538,388.52,388.75,388.91
539,388.91,389.33,390.39
540,389.45,389.70,389.99
541,389.45,389.72,390.12
542,390.65,390.84,391.86
543,390.93,391.41,392.74
544,391.97,392.24,392.53
545,392.80,393.14,393.48
546,393.35,393.90,395.39
547,393.75,394.06,394.44
548,393.75,394.00,394.26
549,394.29,394.50,394.83
550,395.36,395.46,396.31
551,396.24,396.44,396.61
552,397.02,397.34,397.54
553,397.72,397.96,398.12
554,398.52,398.88,399.26
555,399.67,399.93,400.26
556,399.88,400.20,400.62
557,400.21,400.55,400.92
558,400.61,401.29,401.94
559,401.08,401.89,403.75
560,402.35,402.98,403.50
561,403.81,404.03,404.30
562,403.70,404.14,405.67
563,404.57,405.04,406.59
564,405.17,405.43,406.05
565,405.91,406.28,406.52
566,407.19,407.60,408.81
567,407.59,407.88,408.14
568,408.07,408.24,408.47
569,408.46,408.79,409.74
570,409.27,409.58,409.89
571,410.67,410.87,411.09
572,411.29,411.60,411.97
573,411.96,412.32,412.57
574,412.37,412.60,412.84
575,412.84,413.10,413.37
576,413.56,413.90,414.18
577,414.31,414.50,414.86
578,415.04,415.41,417.12
579,415.90,416.13,417.35
580,416.29,416.56,416.84
581,416.33,416.68,416.98
582,416.87,417.40,418.66
583,417.73,418.01,418.26
584,419.05,419.31,419.56
585,419.70,420.21,421.89
586,420.67,421.16,421.44
587,421.85,422.26,422.52
588,423.03,423.28,423.63
589,423.84,424.09,424.98
590,424.33,424.53,424.82
591,424.80,425.20,425.58
592,425.53,425.76,426.04
593,425.84,426.17,426.44
594,426.01,426.18,426.48
595,426.01,426.20,426.51
596,426.01,426.19,426.43
597,426.48,427.16,429.39
598,427.83,428.26,429.36
599,428.56,428.86,429.17
600,429.57,429.93,431.48
