ICOUNT,MIN,AVG,MAX
16,108.80,117.48,155.57
17,108.72,109.53,111.28
18,92.68,102.23,110.80
19,92.57,92.83,93.83
20,92.68,92.84,93.16
21,92.62,92.80,93.64
22,92.88,93.08,93.24
23,93.06,93.30,94.18
24,93.09,93.30,93.54
25,93.01,93.23,93.53
26,92.98,93.30,94.22
27,93.19,93.45,93.70
28,93.73,93.99,94.14
29,93.76,94.05,94.33
30,93.90,94.09,94.77
31,93.85,94.08,94.31
32,94.13,94.65,95.72
33,94.49,94.90,95.92
34,95.42,95.63,95.81
35,97.20,97.39,97.60
36,99.33,99.58,100.52
37,102.10,102.28,102.43
38,105.04,105.23,105.48
39,107.54,107.70,107.89
40,110.29,110.47,110.63
41,112.79,112.97,113.15
42,115.26,115.44,116.55
43,118.18,118.34,118.48
44,120.85,120.98,121.14
45,123.56,123.79,124.84
46,126.34,126.52,126.90
47,128.58,128.71,129.12
48,131.41,131.62,132.46
49,134.31,134.57,134.75
50,137.05,137.24,137.39
51,139.36,139.50,139.65
52,142.16,142.28,142.41
53,144.85,145.02,145.16
54,147.59,147.71,147.82
55,150.36,150.46,150.64
56,152.91,153.07,153.99
57,155.57,155.70,155.82
58,158.27,158.39,158.51
59,161.14,161.27,161.41
60,163.94,164.05,164.17
61,166.76,166.86,166.99
62,169.13,169.24,169.39
63,171.59,171.71,171.85
64,174.83,174.98,175.16
65,177.92,178.04,178.19
66,180.27,180.45,180.57
67,183.08,183.24,183.41
68,185.80,185.99,186.24
69,188.65,188.76,188.97
70,191.36,191.46,191.57
71,193.86,193.97,194.12
72,196.74,196.88,197.01
73,199.70,199.85,200.07
74,202.07,202.26,203.10
75,205.02,205.13,205.31
76,207.67,207.94,209.02
77,210.46,210.60,210.83
78,212.91,213.11,213.41
79,215.78,215.93,216.11
80,218.50,218.58,218.78
81,220.74,220.88,221.01
82,224.03,224.20,225.20
83,226.20,226.54,227.32
84,229.97,230.10,230.24
85,231.96,232.11,232.93
86,235.59,235.74,235.92
87,237.75,237.92,238.08
88,240.63,240.72,240.86
89,243.21,243.57,244.67
90,246.02,246.16,246.32
91,248.67,248.80,248.97
92,251.36,251.46,251.63
93,254.14,254.23,254.36
94,256.89,257.04,257.27
95,259.79,259.90,260.07
96,262.41,262.53,262.64
97,265.06,265.18,266.04
98,268.33,268.46,268.63
99,270.61,270.73,270.88
100,273.27,273.45,274.62
101,276.40,276.51,276.64
102,278.78,278.89,279.10
103,281.47,281.59,281.76
104,284.42,284.54,284.68
105,287.13,287.28,287.48
106,289.68,289.81,290.05
107,292.52,292.69,292.86
108,295.35,295.62,296.40
109,298.09,298.27,298.48
110,300.86,300.97,301.17
111,303.74,303.85,304.03
112,306.25,306.56,307.75
113,309.46,309.70,310.71
114,312.17,312.38,312.74
115,315.05,315.24,315.52
116,316.99,317.14,317.30
117,320.22,320.58,321.65
118,323.07,323.34,323.52
119,326.53,326.70,326.87
120,327.92,328.06,328.30
121,330.92,331.06,331.22
122,333.62,333.78,333.94
123,337.36,337.54,337.67
124,339.57,339.63,339.76
125,341.78,341.90,342.04
126,344.48,344.57,344.75
127,347.42,347.56,347.73
128,351.22,351.42,352.30
129,353.02,353.14,353.36
130,355.59,355.68,355.79
131,358.30,358.47,358.63
132,361.16,361.49,362.51
133,364.25,364.44,364.66
134,366.86,367.06,367.23
135,369.29,369.47,369.69
136,372.25,372.74,373.99
137,374.97,375.08,375.22
138,377.85,377.98,378.09
139,380.51,380.64,380.99
140,383.27,383.59,384.79
141,386.30,386.44,386.56
142,388.72,388.89,389.20
143,391.61,391.75,391.97
144,394.83,395.04,395.20
145,397.14,397.28,397.55
146,400.10,400.29,401.13
147,402.54,402.73,403.03
148,405.42,405.55,405.71
149,407.98,408.18,408.36
150,410.84,411.00,411.23
151,413.54,413.70,413.94
152,416.46,416.74,418.02
153,419.12,419.31,419.60
154,421.80,421.92,422.06
155,424.37,424.50,424.66
156,427.49,427.90,428.89
157,430.10,430.29,430.57
158,432.79,432.92,433.14
159,435.42,435.74,437.03
160,437.83,437.98,438.22
161,441.65,441.84,442.08
162,443.89,444.04,444.30
163,446.50,446.65,446.79
164,448.56,448.68,449.56
165,452.79,453.03,453.22
166,454.86,454.97,455.20
167,457.47,457.65,457.86
168,460.24,460.34,460.66
169,463.56,463.78,463.92
170,466.31,466.66,467.78
171,468.81,469.08,469.42
172,471.31,471.47,471.67
173,474.31,474.77,476.04
174,477.27,477.53,477.73
175,479.91,480.05,480.32
176,482.56,482.89,484.41
177,485.39,485.58,485.84
178,487.91,488.12,488.43
179,490.73,490.85,491.09
180,493.43,493.59,493.76
181,496.07,496.21,497.13
182,498.72,498.85,499.10
183,502.15,502.31,502.45
184,504.62,504.85,505.21
185,506.89,507.03,507.17
186,510.07,510.31,511.28
187,513.03,513.25,514.65
188,515.55,515.67,515.83
189,518.11,518.56,519.98
190,520.98,521.22,521.56
191,523.83,523.96,524.14
192,526.44,526.73,528.97
193,529.19,529.39,529.70
194,532.28,532.41,532.63
195,534.66,534.81,535.02
196,537.40,537.57,537.80
197,540.51,540.68,540.83
198,542.90,543.05,543.23
199,545.60,545.81,546.06
200,548.47,548.71,548.96
201,551.05,551.36,552.31
202,553.79,554.03,554.28
203,556.50,556.69,556.92
204,559.57,560.03,561.49
205,562.00,562.17,562.38
206,565.10,565.39,567.05
207,567.59,567.82,568.14
208,570.63,570.78,570.96
209,572.95,573.09,573.35
210,575.80,575.92,576.26
211,578.33,578.47,579.40
212,581.01,581.17,581.43
213,583.73,583.87,584.05
214,585.73,585.84,586.03
215,588.04,588.30,589.84
216,591.97,592.18,592.54
217,595.17,595.33,595.63
218,598.08,598.45,600.06
219,600.98,601.13,601.30
220,603.64,604.04,606.15
221,606.12,606.29,606.49
222,608.65,608.85,609.00
223,611.71,611.86,612.04
224,614.29,614.41,615.30
225,616.99,617.15,617.34
226,619.65,619.81,620.20
227,622.13,622.27,622.42
228,624.08,624.35,625.92
229,624.88,624.98,625.37
230,629.00,629.08,629.63
231,633.47,633.83,635.30
232,636.57,636.74,637.00
233,639.47,639.78,641.42
234,641.83,641.98,642.22
235,645.27,645.55,645.77
236,648.19,648.34,648.49
237,651.23,651.38,652.20
238,652.38,652.54,652.72
239,655.21,655.42,655.60
240,658.14,658.33,658.55
241,661.27,661.60,663.25
242,663.83,664.03,664.22
243,666.43,666.86,668.32
244,668.36,668.48,668.72
245,669.41,669.59,672.08
246,671.41,671.45,671.60
247,676.53,676.64,676.80
248,680.05,680.19,680.34
249,683.12,683.34,684.19
250,685.59,685.73,685.89
251,688.19,688.34,688.51
252,691.73,692.04,693.98
253,694.54,694.78,695.16
254,697.77,698.18,700.70
255,700.25,700.53,702.06
256,702.28,702.60,704.42
257,705.09,705.33,705.56
258,707.54,707.69,707.87
259,710.49,710.63,710.87
260,713.43,713.58,714.44
261,715.94,716.08,716.22
262,718.27,718.44,718.62
263,720.40,720.47,720.64
264,720.95,721.17,722.27
265,724.47,724.59,726.38
266,728.79,729.16,730.60
267,731.81,732.06,734.07
268,734.77,734.99,736.38
269,737.95,738.12,738.31
270,740.67,740.81,741.02
271,743.53,743.73,744.58
272,746.13,746.29,746.54
273,749.12,749.28,749.47
274,751.88,752.20,753.59
275,754.44,754.61,754.78
276,757.17,757.64,760.31
277,760.01,760.16,760.29
278,762.77,763.12,765.65
279,765.65,765.91,766.30
280,768.47,768.62,768.76
281,770.95,771.14,771.92
282,773.81,774.00,774.18
283,776.43,776.58,776.72
284,779.12,779.23,779.44
285,781.22,781.57,783.38
286,782.21,782.42,784.57
287,786.42,786.70,788.09
288,789.56,789.86,792.51
289,792.50,792.66,793.14
290,795.70,795.85,796.07
291,798.18,798.35,799.28
292,801.25,801.42,801.65
293,803.88,804.01,804.35
294,806.52,806.74,806.94
295,809.33,809.73,810.95
296,811.80,812.10,813.95
297,814.69,815.06,816.17
298,817.78,818.16,820.71
299,820.61,820.87,821.19
300,823.17,823.32,823.60
301,825.80,825.97,826.87
302,828.79,829.00,829.25
303,830.94,831.15,831.40
304,834.28,834.62,836.10
305,836.90,837.19,837.53
306,839.72,840.28,842.15
307,841.95,842.23,842.56
308,845.18,845.51,848.07
309,847.74,847.96,848.16
310,850.72,850.87,851.10
311,853.39,853.53,854.43
312,855.55,855.66,855.84
313,858.64,858.77,859.03
314,861.55,861.98,863.46
315,864.22,864.67,866.48
316,866.97,867.26,867.71
317,869.61,870.01,872.81
318,872.16,872.30,872.46
319,874.76,874.95,875.14
320,878.57,878.79,879.76
321,880.93,881.13,881.30
322,883.49,883.60,883.85
323,885.98,886.36,888.19
324,889.08,889.43,891.91
325,891.63,891.78,892.35
326,894.11,894.49,897.19
327,896.61,896.84,897.10
328,900.59,900.76,900.99
329,903.11,903.28,904.12
330,905.60,905.81,906.02
331,908.50,908.66,908.93
332,911.01,911.53,913.27
333,913.94,914.55,916.51
334,916.52,916.69,917.12
335,919.36,919.73,921.76
336,922.54,922.70,922.92
337,925.01,925.20,926.00
338,927.98,928.16,928.33
339,930.52,930.68,930.95
340,933.12,933.45,934.91
341,936.10,936.26,936.53
342,938.65,939.20,941.06
343,941.34,941.69,943.58
344,943.89,944.16,944.58
345,946.78,946.93,947.15
346,949.49,949.75,950.61
347,952.10,952.36,952.63
348,955.33,955.50,955.75
349,958.03,958.30,959.76
350,960.74,961.22,964.09
351,963.49,963.64,963.97
352,966.25,966.60,969.47
353,969.21,969.43,969.66
354,972.17,972.36,973.13
355,974.79,974.96,975.13
356,976.58,976.74,977.05
357,979.53,979.93,982.07
358,982.29,982.71,985.63
359,984.97,985.17,985.60
360,987.87,988.23,990.24
361,990.18,990.35,990.69
362,993.53,993.68,994.60
363,996.16,996.30,996.53
364,999.52,999.73,999.93
365,1002.17,1002.62,1004.41
366,1004.88,1005.36,1007.36
367,1008.27,1008.51,1008.98
368,1009.84,1010.24,1012.99
369,1012.54,1012.66,1012.83
370,1015.30,1015.49,1016.33
371,1018.01,1018.25,1018.43
372,1020.62,1020.77,1021.01
373,1023.74,1024.12,1026.09
374,1026.51,1026.98,1029.81
375,1028.86,1029.25,1032.38
376,1031.70,1031.94,1032.54
377,1034.91,1035.08,1035.29
378,1037.28,1037.50,1038.48
379,1040.14,1040.31,1040.57
380,1042.89,1043.23,1045.17
381,1046.53,1046.84,1047.23
382,1048.10,1048.51,1050.50
383,1050.84,1051.16,1053.42
384,1053.69,1053.85,1054.13
385,1056.24,1056.42,1056.68
386,1059.07,1059.30,1060.26
387,1061.66,1061.83,1062.15
388,1064.77,1065.13,1066.59
389,1067.42,1067.85,1070.80
390,1070.63,1070.82,1071.00
391,1073.13,1073.56,1075.75
392,1076.06,1076.27,1076.53
393,1078.44,1078.65,1079.47
394,1081.16,1081.33,1081.58
395,1083.97,1084.32,1085.96
396,1086.88,1087.12,1087.61
397,1089.52,1090.08,1091.96
398,1092.10,1092.47,1095.47
399,1095.81,1096.06,1096.28
400,1098.06,1098.29,1099.10
401,1100.42,1100.58,1100.75
402,1103.33,1103.57,1105.17
403,1105.86,1106.09,1107.72
404,1108.78,1109.28,1112.21
405,1111.28,1111.62,1114.86
406,1114.20,1114.37,1114.57
407,1116.55,1116.72,1117.56
408,1118.76,1118.90,1119.10
409,1123.19,1123.38,1123.65
410,1125.52,1125.88,1127.95
411,1128.29,1128.81,1131.72
412,1130.82,1131.23,1133.30
413,1133.37,1133.54,1133.85
414,1135.98,1136.19,1137.16
415,1138.98,1139.12,1139.35
416,1141.37,1141.55,1141.71
417,1144.20,1144.55,1146.41
418,1146.63,1147.13,1149.92
419,1150.34,1150.79,1153.45
420,1152.68,1152.86,1153.15
421,1155.05,1155.21,1156.07
422,1158.22,1158.38,1158.61
423,1160.99,1161.21,1162.59
424,1163.75,1164.08,1165.93
425,1166.35,1166.82,1169.93
426,1168.69,1169.07,1171.26
427,1171.06,1171.17,1171.33
428,1171.82,1171.91,1172.75
429,1176.40,1176.51,1176.70
430,1180.11,1180.45,1182.25
431,1183.12,1183.49,1186.75
432,1185.94,1186.29,1188.34
433,1188.60,1188.88,1191.18
434,1191.34,1191.53,1191.79
435,1193.88,1194.07,1194.86
436,1196.80,1196.94,1197.18
437,1199.35,1199.75,1201.58
438,1202.29,1202.80,1205.99
439,1205.14,1205.57,1207.86
440,1207.62,1207.82,1208.28
441,1210.35,1210.60,1210.88
442,1212.89,1213.13,1213.41
443,1215.80,1216.03,1218.29
444,1218.95,1219.16,1220.63
445,1221.44,1221.99,1225.30
446,1223.97,1224.40,1227.36
447,1227.24,1227.38,1227.60
448,1229.65,1229.81,1230.63
449,1232.47,1232.63,1232.82
450,1235.02,1235.41,1237.56
451,1237.71,1238.15,1240.68
452,1240.66,1241.07,1244.01
453,1243.05,1243.38,1243.93
454,1245.67,1245.83,1246.76
455,1248.09,1248.22,1248.52
456,1249.55,1249.73,1251.28
457,1249.79,1249.99,1252.97
458,1256.21,1256.42,1258.70
459,1259.89,1260.32,1263.24
460,1262.50,1262.68,1262.91
461,1265.29,1265.47,1266.32
462,1268.23,1268.40,1268.62
463,1271.07,1271.48,1273.55
464,1273.95,1274.44,1277.52
465,1276.34,1276.78,1279.80
466,1279.10,1279.28,1279.53
467,1281.95,1282.15,1282.91
468,1285.04,1285.21,1285.45
469,1287.53,1287.98,1290.23
470,1290.56,1291.02,1293.53
471,1293.40,1293.80,1296.34
472,1296.33,1296.61,1296.85
473,1298.15,1298.31,1299.04
474,1300.63,1300.83,1301.07
475,1303.68,1304.15,1306.01
476,1306.46,1306.99,1310.26
477,1308.97,1309.33,1312.68
478,1311.62,1311.80,1312.02
479,1315.02,1315.27,1316.16
480,1317.76,1317.91,1318.08
481,1319.64,1319.99,1322.61
482,1323.20,1323.82,1326.95
483,1325.72,1326.03,1329.71
484,1328.72,1328.87,1329.06
485,1331.07,1331.28,1332.20
486,1333.75,1333.86,1334.08
487,1336.19,1336.49,1338.73
488,1338.21,1338.69,1341.52
489,1338.87,1339.14,1342.72
490,1342.34,1342.45,1342.71
491,1346.89,1347.02,1347.93
492,1350.04,1350.24,1350.45
493,1353.06,1353.56,1356.16
494,1355.73,1356.25,1358.75
495,1358.87,1359.23,1362.69
496,1361.25,1361.46,1361.74
497,1364.22,1364.39,1365.23
498,1367.17,1367.30,1367.57
499,1369.44,1369.94,1372.10
500,1372.40,1373.01,1375.30
501,1374.79,1375.33,1378.15
502,1378.40,1378.56,1378.88
503,1380.98,1381.18,1382.02
504,1383.37,1383.61,1385.48
505,1386.39,1386.81,1389.35
506,1389.51,1389.92,1392.09
507,1392.58,1392.97,1396.04
508,1394.57,1394.76,1394.94
509,1397.07,1397.32,1398.36
510,1399.90,1400.34,1402.32
511,1402.60,1403.15,1406.73
512,1405.43,1405.83,1409.45
513,1407.97,1408.12,1408.31
514,1410.57,1410.75,1411.62
515,1414.01,1414.17,1414.58
516,1416.51,1417.02,1419.23
517,1419.39,1419.90,1422.88
518,1422.33,1422.69,1425.33
519,1424.56,1424.76,1424.97
520,1427.45,1427.65,1428.47
521,1430.13,1430.54,1433.09
522,1432.80,1433.32,1436.80
523,1435.75,1436.18,1438.83
524,1438.23,1438.39,1438.59
525,1440.44,1440.58,1441.54
526,1441.77,1441.87,1442.15
527,1441.97,1442.19,1444.34
528,1447.69,1448.23,1451.45
529,1451.36,1451.74,1455.46
530,1454.26,1454.45,1454.67
531,1457.25,1457.39,1458.23
532,1459.91,1460.21,1462.20
533,1463.17,1463.61,1467.21
534,1465.61,1465.99,1468.75
535,1468.53,1468.69,1469.01
536,1471.07,1471.29,1472.40
537,1473.95,1474.19,1474.48
538,1476.96,1477.42,1479.58
539,1479.47,1479.95,1482.97
540,1481.93,1482.32,1486.45
541,1484.05,1484.26,1484.45
542,1487.88,1488.07,1489.32
543,1490.47,1490.89,1493.67
544,1493.47,1494.08,1497.06
545,1496.81,1497.24,1499.87
546,1499.34,1499.53,1499.84
547,1501.52,1501.72,1503.00
548,1504.37,1504.65,1506.47
549,1507.22,1507.76,1510.92
550,1509.97,1510.48,1513.28
551,1512.42,1512.61,1512.92
552,1515.15,1515.29,1516.39
553,1518.13,1518.33,1518.63
554,1520.90,1521.37,1523.20
555,1523.63,1524.24,1526.95
556,1526.45,1526.74,1529.82
557,1528.66,1528.84,1529.92
558,1532.63,1532.87,1533.19
559,1534.88,1535.24,1537.30
560,1537.60,1538.07,1540.91
561,1539.94,1540.32,1544.11
562,1543.06,1543.24,1543.50
563,1545.62,1545.79,1546.67
564,1548.35,1548.81,1551.44
565,1551.17,1551.80,1555.03
566,1554.02,1554.41,1557.40
567,1556.76,1556.94,1557.24
568,1559.36,1559.54,1560.36
569,1561.53,1561.91,1564.71
570,1562.24,1562.56,1566.24
571,1564.30,1564.56,1568.40
572,1568.97,1569.10,1569.36
573,1572.26,1572.44,1573.41
574,1575.24,1575.58,1577.98
575,1578.22,1578.71,1582.06
576,1581.04,1581.37,1585.06
577,1583.76,1583.94,1584.23
578,1586.57,1586.74,1587.64
579,1589.38,1589.76,1591.85
580,1592.09,1592.63,1595.42
581,1594.93,1595.34,1598.10
582,1597.49,1597.64,1598.44
583,1600.43,1600.58,1601.44
584,1602.85,1603.29,1605.06
585,1606.36,1606.96,1610.69
586,1608.68,1609.03,1612.23
587,1611.94,1612.13,1612.40
588,1614.28,1614.49,1615.42
589,1617.45,1617.91,1620.43
590,1620.76,1621.27,1624.86
591,1621.92,1622.25,1626.21
592,1624.59,1624.81,1625.07
593,1627.67,1627.87,1628.68
594,1630.26,1630.65,1633.27
595,1633.35,1633.91,1637.71
596,1635.96,1636.32,1639.34
597,1638.67,1638.93,1641.29
598,1641.73,1641.92,1642.83
599,1644.12,1644.64,1647.00
600,1647.18,1647.75,1650.58
601,1649.45,1649.94,1653.72
602,1652.77,1652.95,1653.91
603,1655.27,1655.48,1655.71
604,1657.69,1658.26,1661.14
605,1660.81,1661.21,1664.72
606,1663.78,1663.98,1664.19
607,1666.40,1666.61,1667.67
608,1669.48,1669.86,1672.47
609,1672.47,1673.02,1676.78
610,1675.16,1675.62,1679.08
611,1678.66,1678.87,1679.24
612,1679.92,1680.09,1680.97
613,1682.53,1682.87,1685.73
614,1685.48,1685.99,1689.64
615,1688.18,1688.70,1692.56
616,1690.95,1691.13,1691.43
617,1693.65,1693.88,1694.67
618,1696.76,1697.23,1699.41
619,1699.41,1700.00,1703.86
620,1702.06,1702.23,1702.83
621,1704.71,1704.90,1705.84
622,1707.28,1707.60,1710.05
623,1709.97,1710.55,1713.54
624,1712.92,1713.26,1716.42
625,1715.69,1715.84,1716.09
626,1718.66,1718.87,1719.94
627,1721.21,1721.56,1724.06
628,1724.01,1724.37,1727.44
629,1726.53,1726.91,1730.23
630,1729.53,1729.70,1730.63
631,1732.09,1732.25,1732.52
632,1735.05,1735.56,1739.49
633,1737.68,1738.23,1741.73
634,1741.32,1741.52,1741.80
635,1743.04,1743.22,1743.99
636,1745.60,1745.86,1748.16
637,1749.11,1749.65,1752.61
638,1751.29,1751.64,1754.81
639,1753.87,1754.05,1754.36
640,1756.25,1756.45,1757.29
641,1758.14,1758.47,1760.87
642,1761.32,1761.96,1765.31
643,1764.92,1765.11,1765.30
644,1767.81,1768.02,1769.07
645,1770.89,1771.40,1774.36
646,1773.55,1774.12,1777.12
647,1776.31,1776.67,1779.77
648,1778.89,1779.07,1779.32
649,1781.43,1781.61,1782.46
650,1784.32,1784.89,1788.27
651,1786.73,1787.37,1791.33
652,1788.93,1789.14,1790.00
653,1793.29,1793.45,1794.42
654,1795.94,1796.29,1798.70
655,1798.58,1799.14,1802.70
656,1801.16,1801.53,1805.36
657,1803.60,1803.79,1804.62
658,1806.72,1806.92,1807.23
659,1809.44,1810.07,1813.78
660,1811.97,1812.37,1816.70
661,1814.38,1814.53,1814.72
662,1817.33,1817.54,1818.79
663,1820.27,1820.71,1823.29
664,1822.95,1823.62,1827.37
665,1825.85,1826.07,1827.10
666,1828.39,1828.61,1829.42
667,1830.92,1831.27,1834.17
668,1833.80,1834.29,1838.47
669,1837.08,1837.42,1841.49
670,1839.57,1839.72,1840.67
671,1842.34,1842.51,1842.74
672,1845.01,1845.69,1849.47
673,1847.35,1847.69,1851.51
674,1850.60,1850.79,1851.07
675,1853.30,1853.57,1854.55
676,1855.79,1856.18,1858.44
677,1858.97,1859.62,1862.96
678,1861.27,1861.44,1861.65
679,1864.02,1864.26,1865.12
680,1866.87,1867.25,1869.43
681,1869.49,1869.99,1873.25
682,1871.99,1872.39,1876.39
683,1873.71,1873.84,1874.73
684,1874.61,1874.87,1877.76
685,1878.22,1878.68,1881.66
686,1882.46,1882.95,1886.05
687,1885.67,1885.82,1886.17
688,1888.57,1888.76,1889.71
689,1891.48,1892.18,1896.09
690,1894.22,1894.69,1898.85
691,1896.86,1897.02,1897.29
692,1899.63,1899.85,1900.86
693,1902.66,1903.06,1905.62
694,1905.61,1906.19,1909.55
695,1908.12,1908.31,1908.72
696,1910.89,1911.15,1911.91
697,1913.65,1914.10,1916.62
698,1916.38,1917.14,1920.91
699,1918.88,1919.08,1919.31
700,1922.19,1922.39,1923.41
701,1924.71,1925.17,1928.03
702,1927.47,1927.94,1931.90
703,1930.27,1930.62,1934.92
704,1932.87,1933.21,1934.14
705,1935.43,1935.96,1938.37
706,1938.31,1938.88,1943.18
707,1941.72,1942.05,1945.61
708,1944.29,1944.50,1945.39
709,1946.02,1946.41,1948.35
710,1948.90,1949.44,1952.81
711,1951.81,1952.15,1956.17
712,1954.45,1954.67,1955.86
713,1957.62,1958.01,1960.54
714,1959.92,1960.47,1964.40
715,1962.67,1962.99,1966.50
716,1965.03,1965.18,1966.07
717,1968.61,1968.99,1971.70
718,1971.36,1972.10,1975.52
719,1973.77,1974.09,1977.78
720,1976.34,1976.54,1977.42
721,1979.34,1979.69,1982.28
722,1982.48,1983.04,1986.00
723,1985.44,1985.76,1989.95
724,1987.60,1987.84,1988.66
725,1990.61,1990.95,1994.11
726,1992.83,1993.24,1996.78
727,1995.82,1996.14,2000.60
728,1998.74,1998.91,1999.89
729,2001.19,2001.51,2004.36
730,2003.91,2004.33,2007.86
731,2006.19,2006.54,2011.08
732,2007.92,2008.05,2008.91
733,2008.34,2008.64,2011.45
734,2013.09,2013.57,2016.77
735,2017.20,2017.58,2020.80
736,2020.19,2020.43,2021.35
737,2023.12,2023.61,2026.15
738,2026.06,2026.58,2030.38
739,2028.80,2029.18,2032.26
740,2031.66,2031.86,2032.81
741,2034.29,2034.68,2038.14
742,2036.82,2037.38,2041.63
743,2040.19,2040.51,2044.59
744,2042.78,2043.03,2043.95
745,2045.41,2045.89,2048.05
746,2048.38,2049.05,2052.72
747,2050.67,2050.82,2051.08
748,2053.51,2053.71,2054.49
749,2056.22,2056.60,2059.64
750,2058.86,2059.58,2062.91
751,2061.35,2061.54,2061.87
752,2065.12,2065.34,2066.39
753,2067.54,2068.12,2071.20
754,2070.12,2070.53,2074.70
755,2073.06,2073.26,2073.54
756,2075.75,2075.98,2076.95
757,2078.88,2079.55,2083.13
758,2081.24,2081.68,2084.39
759,2083.97,2084.16,2084.51
760,2087.38,2087.70,2091.10
761,2089.00,2089.50,2093.12
762,2091.90,2092.24,2095.86
763,2094.74,2094.94,2095.86
764,2097.34,2097.73,2100.94
765,2100.68,2101.10,2105.34
766,2103.05,2103.40,2107.22
767,2105.37,2105.58,2106.50
768,2108.49,2108.92,2111.37
769,2111.36,2112.12,2116.16
770,2113.97,2114.15,2114.56
771,2117.10,2117.37,2118.25
772,2119.45,2120.19,2123.31
773,2122.24,2122.70,2127.16
774,2125.10,2125.28,2125.67
775,2127.89,2128.23,2130.86
776,2130.41,2131.06,2135.23
777,2133.10,2133.48,2137.12
778,2136.22,2136.49,2137.33
779,2138.98,2139.35,2142.73
780,2141.50,2142.13,2145.82
781,2144.30,2144.47,2145.40
782,2147.24,2147.44,2148.29
783,2149.43,2149.73,2152.51
784,2152.65,2153.22,2156.37
785,2154.96,2155.14,2155.52
786,2157.71,2157.92,2158.83
787,2160.28,2160.95,2165.17
788,2162.27,2162.57,2166.17
789,2162.87,2162.99,2163.99
790,2166.19,2166.47,2169.56
791,2170.51,2170.97,2174.38
792,2173.82,2174.19,2178.69
793,2176.73,2176.98,2177.99
794,2179.51,2179.87,2183.52
795,2181.95,2182.39,2185.94
796,2186.06,2186.28,2186.71
797,2188.44,2188.78,2191.77
798,2191.22,2191.81,2195.80
799,2193.32,2193.65,2197.45
800,2196.00,2196.25,2197.29
