NumberOfGuassSeidelKernels, AverageCyclesPerExecutionOfAllKernels
1, 274872.027619
2, 5.841502
3, 6.393243
4, 7.188074
5, 214739.151485
6, 14.952693
7, 23.431987
8, 28.915133
9, 34.930235
10, 39.825274
11, 44.533465
12, 48.670927
13, 52.717022
14, 56.965665
15, 61.229136
16, 65.491799
17, 69.598178
18, 73.703386
19, 77.927335
20, 82.372783
21, 87.068342
22, 91.821731
23, 99.545075
24, 100.655608
25, 104.844263
26, 109.928578
27, 115.219735
28, 3435853.640303
29, 128.066165
30, 133.139076
31, 139.604772
32, 144.923997
33, 148.344120
34, 156.187318
35, 160.956452
36, 165.843185
37, 172.002537
38, 178.097358
39, 182.613040
40, 197.159652
41, 6871756.152850
42, 220.495152
43, 227.475291
44, 234.234610
45, 229.475675
46, 235.404280
47, 243.175684
48, 248.348738
49, 272.077747
50, 263.369366
51, 270.956146
52, 277.650577
53, 281.383482
54, 289.677233
55, 296.863553
56, 302.110503
57, 6871909.773711
58, 317.167823
59, 316.637775
60, 329.242060
61, 329.259099
62, 343.581294
63, 351.712477
64, 357.402632
65, 361.395653
66, 371.635872
67, 370.184888
68, 375.030072
69, 379.902082
70, 389.231332
71, 13743809.365668
72, 402.063280
73, 408.786258
74, 412.486084
75, 419.911998
76, 424.407413
77, 432.426059
78, 439.178097
79, 446.034474
80, 450.542459
81, 458.481937
82, 464.224341
83, 464.845323
84, 475.705079
85, 484.126301
86, 490.750190
87, 496.173524
88, 505.643490
89, 500.577502
90, 509.153749
91, 525.992499
92, 518.953234
93, 534.252330
94, 533.584759
95, 540.327863
96, 546.911528
97, 553.594136
98, 572.921391
99, 564.909449
100, 571.427154
101, 576.752197
102, 582.957174
103, 588.006131
104, 594.282041
105, 13743528.387463
106, 607.479773
107, 13743281.089259
108, 619.311195
109, 628.182616
110, 633.855358
111, 644.056556
112, 649.655222
113, 652.522913
114, 648.740581
115, 664.815793
116, 671.970281
117, 13743667.565538
118, 677.116758
119, 684.188018
120, 691.993193
121, 13743193.911740
122, 704.343419
123, 714.136720
124, 723.893722
125, 725.528447
126, 730.259357
127, 740.253562
128, 741.926415
129, 747.013959
130, 773.252822
131, 760.342273
132, 769.171213
133, 778.237768
134, 780.477120
135, 795.142098
136, 791.941395
137, 800.631336
138, 810.581696
139, 823.278269
140, 830.191491
141, 828.390085
142, 837.741538
143, 845.611299
144, 27487321.918050
145, 854.476461
146, 860.584984
147, 872.764105
148, 877.261071
149, 882.654406
150, 895.052964
151, 897.124428
152, 909.263479
153, 921.747228
154, 928.713659
155, 935.567300
156, 933.740051
157, 949.447139
158, 953.346232
159, 958.818202
160, 976.095915
161, 974.041446
162, 982.634740
163, 1005.033053
164, 998.586704
165, 1011.745276
166, 1019.502689
167, 27486760.162192
168, 1031.596705
169, 1047.630919
170, 1053.517895
171, 1058.838886
172, 1082.605752
173, 1090.163732
174, 1096.253895
175, 1106.967309
176, 27486680.290994
177, 1125.408479
178, 27486665.201914
179, 1137.748059
180, 1146.065700
181, 1152.691542
182, 1176.963041
183, 1191.352688
184, 1180.896756
185, 27486591.310200
186, 1205.470932
187, 27486564.046876
188, 1229.358926
189, 1244.217302
190, 1247.280071
191, 1267.121002
192, 1274.140151
193, 1289.515607
194, 27487668.922892
195, 1311.409064
196, 1328.765285
197, 1328.306574
198, 1350.886243
199, 1364.622287
200, 1370.119259
201, 1385.291966
202, 27487774.766600
203, 1402.974629
204, 1412.647279
205, 1422.840174
206, 1433.743802
207, 1453.008257
208, 1461.345914
209, 1479.705766
210, 1485.589769
211, 1504.389851
212, 1516.758688
213, 1536.932561
214, 1544.270089
215, 1562.152400
216, 1574.736153
217, 1586.556507
218, 1602.458020
219, 54973962.170882
220, 1586.074411
221, 54973930.019124
222, 1670.995720
223, 1696.743580
224, 1707.570105
225, 1673.611942
226, 1698.146042
227, 1762.425455
228, 1729.603188
229, 1748.609002
230, 1773.111803
231, 1805.704202
232, 1819.944434
233, 1847.524168
234, 1904.966060
235, 1879.267921
236, 1911.530858
237, 1931.945751
238, 1959.702148
239, 2024.851721
240, 2046.810166
241, 2027.041195
242, 2055.999754
243, 2069.310271
244, 54974758.857446
245, 2173.878421
246, 2149.368248
247, 2192.792252
248, 2251.212629
249, 2235.605250
250, 2292.008447
251, 54973309.926936
252, 2345.916826
253, 2330.198731
254, 2401.156204
255, 2432.318211
256, 2442.246187
257, 2486.655701
258, 54974938.991010
259, 54973062.557144
260, 2583.005725
261, 2562.848400
262, 2602.270782
263, 54973512.176759
264, 2653.531553
265, 2680.411447
266, 2705.697568
267, 2723.639454
268, 2787.756210
269, 2795.611672
270, 2820.080518
271, 2850.288111
272, 2896.287613
273, 2929.395902
274, 3007.022616
275, 2943.144024
276, 2961.506927
277, 3016.265936
278, 3062.348993
279, 3102.313180
280, 3082.812936
281, 3078.368099
282, 3098.470299
283, 3131.855168
284, 109949989.684726
285, 3259.944673
286, 3294.966884
287, 3250.078918
288, 3318.056328
289, 3336.765143
290, 3378.731786
291, 3391.492245
292, 109948823.577264
293, 3470.606763
294, 3483.412333
295, 3429.482598
296, 3423.838170
297, 3576.858302
298, 3620.486216
299, 3654.045066
300, 109950781.749182
301, 3605.638736
302, 3632.431867
303, 3670.930337
304, 3749.882750
305, 3802.926902
306, 3773.432280
307, 109948668.281110
308, 3819.812791
309, 3851.931208
310, 3881.604421
311, 3927.353700
312, 3952.435223
313, 4034.046398
314, 109947156.315783
315, 4050.256216
316, 4111.560064
317, 4146.536228
318, 4190.274278
319, 4163.378238
320, 4282.854244
321, 109949340.966632
322, 4378.489428
323, 4390.984055
324, 4431.825048
325, 4419.721447
326, 4544.312992
327, 4525.999075
328, 4543.488897
329, 4608.953496
330, 4693.709591
331, 4726.116615
332, 4781.737918
333, 4786.889989
334, 4811.751295
335, 4885.140301
336, 4908.869692
337, 4948.700823
338, 5048.782194
339, 5076.296879
340, 5119.000750
341, 5120.327252
342, 5170.356934
343, 5208.318230
344, 5268.644319
345, 5328.533309
346, 5360.142075
347, 5404.692198
348, 5458.565553
349, 5492.607573
350, 5536.293228
351, 5571.958307
352, 5605.099048
353, 5661.276639
354, 5707.827649
355, 109945575.931223
356, 109945414.322211
357, 109945365.226106
358, 5856.476151
359, 5942.564017
360, 5987.118864
361, 6020.301984
362, 219898916.738636
363, 219896334.473538
364, 6165.795056
365, 6177.292289
366, 6284.893267
367, 6289.513475
368, 6329.423867
369, 6355.077898
370, 6410.607483
371, 6467.317031
372, 6523.590613
373, 6547.961342
374, 219902507.231478
375, 6630.634808
376, 6663.547553
377, 6719.687905
378, 6765.859398
379, 6814.499406
380, 6853.310670
381, 6906.764430
382, 6944.335473
383, 6956.190861
384, 7047.955186
385, 219896714.710455
386, 219895372.225775
387, 7174.059270
388, 7157.993244
389, 7193.718142
390, 7273.713450
391, 7314.382778
392, 7348.045363
393, 7357.605008
394, 7440.683153
395, 7440.472258
396, 7483.193939
397, 7485.711594
398, 7566.203119
399, 7563.312663
400, 7625.690155
401, 7647.895327
402, 7744.820258
403, 7760.582130
404, 7741.560098
405, 7849.975819
406, 7876.933578
407, 7934.775452
408, 7897.625188
409, 7930.340269
410, 8011.624712
411, 8032.600595
412, 8094.900506
413, 8118.351700
414, 8217.352853
415, 8224.860547
416, 8302.134377
417, 8300.345052
418, 8322.459172
419, 8349.176345
420, 8408.038417
421, 8460.449878
422, 8498.816948
423, 8479.502820
424, 8566.917081
425, 219898183.249927
426, 8597.098069
427, 8674.566245
428, 8724.102650
429, 8678.257370
430, 8835.111117
431, 8823.284733
432, 8841.100756
433, 8906.180239
434, 8942.875127
435, 8949.061489
436, 8995.538670
437, 9060.312530
438, 9122.972455
439, 9136.230630
440, 9152.446647
441, 9205.137634
442, 9197.234698
443, 9257.691480
444, 9255.727286
445, 9309.997845
446, 9386.145469
447, 219900362.438122
448, 9457.423447
449, 9422.186888
450, 9459.323892
451, 9475.631480
452, 9581.370234
453, 9535.218244
454, 9610.393116
455, 9649.527761
456, 219892768.466945
457, 9757.274673
458, 9735.024734
459, 9797.823800
460, 9799.747034
461, 9799.041025
462, 9840.640925
463, 9852.874600
464, 9962.514192
465, 9924.706444
466, 9941.154491
467, 10024.917445
468, 219892403.817227
469, 10064.860736
470, 10133.956230
471, 10156.292513
472, 10119.721909
473, 10235.985284
474, 10208.509616
475, 219892206.166073
476, 10262.268638
477, 10320.423619
478, 10308.093119
479, 10369.586225
480, 10384.308378
481, 10397.432120
482, 10458.370883
483, 10485.188681
484, 10444.748064
485, 10570.039705
486, 10535.057530
487, 219891924.306013
488, 10613.742606
489, 10587.627267
490, 219900902.199430
491, 10666.871586
492, 10748.495756
493, 10717.298947
494, 10764.455317
495, 10773.700203
496, 10790.464009
497, 219891715.945120
498, 10820.023422
499, 10885.232609
500, 219899499.408773
501, 10932.942106
502, 10935.207220
503, 10910.355042
504, 219891503.322666
505, 11054.942503
506, 11062.018653
507, 11098.644730
508, 11079.169791
509, 11154.031589
510, 11116.705953
511, 219901977.896478
512, 11183.606394
513, 11222.998956
514, 11212.382056
515, 11243.185342
516, 11327.722373
517, 219895960.714134
518, 11324.735836
519, 11392.858281
520, 11368.607020
521, 219902265.127270
522, 11490.122758
523, 11504.486325
524, 11490.350263
525, 11516.434986
526, 11575.418406
527, 11661.273583
528, 219890884.104211
529, 11702.255811
530, 219899055.993575
531, 11719.262492
532, 11763.835694
533, 11813.852108
534, 11855.137916
535, 11886.604625
536, 11850.234406
537, 11893.413303
538, 11929.421447
539, 11917.446266
540, 11974.404738
541, 11970.784413
542, 12032.519147
543, 12045.852763
544, 12137.561416
545, 12106.764397
546, 12177.048175
547, 12170.950606
548, 12203.420159
549, 12236.460969
550, 12273.747556
551, 12313.112619
552, 12333.918506
553, 12302.896241
554, 12416.984253
555, 12410.158491
556, 12461.032638
557, 439794103.726616
558, 12457.821172
559, 12604.025800
560, 12523.934625
561, 439802646.674366
562, 12569.389619
563, 12679.071503
564, 12743.889897
565, 12617.033988
566, 12826.036759
567, 12799.573584
568, 439792162.416147
569, 12915.484822
570, 439804152.833813
571, 13038.069381
572, 12935.466203
573, 12964.122350
574, 12931.867725
575, 13015.748125
576, 13132.869247
577, 13086.201706
578, 13085.591372
579, 13177.778963
580, 439802482.953000
581, 13265.363719
582, 13328.072519
583, 13260.818100
584, 13297.335250
585, 13295.605547
586, 13289.971884
587, 13386.736156
588, 13416.522953
589, 439800781.100500
590, 13518.969500
591, 13471.709900
592, 13506.078184
593, 13546.150844
594, 13622.100506
595, 439793294.134081
596, 13611.177962
597, 13554.228506
598, 13651.275978
599, 13672.132494
600, 13699.000991
601, 13756.666031
602, 13799.230281
603, 13786.421188
604, 13854.441153
605, 13840.562250
606, 13915.825031
607, 13840.738563
608, 13897.948566
609, 13935.342769
610, 13932.689947
611, 13972.494488
612, 439791032.672084
613, 14028.815491
614, 14041.741347
615, 14161.707444
616, 14037.078525
617, 14099.797909
618, 14054.446934
619, 14137.919341
620, 14212.220459
621, 14271.133088
622, 14269.111319
623, 439793144.883516
624, 14353.961194
625, 14424.195750
626, 14465.734722
627, 14498.931931
628, 14448.784572
629, 14524.813559
630, 14523.576063
631, 439801249.692675
632, 14556.760219
633, 14654.092956
634, 14655.060472
635, 14661.361034
636, 14573.750187
637, 14654.977494
638, 14576.290138
639, 14624.744106
640, 14713.971253
641, 439795230.830916
642, 439790443.755397
