ICOUNT,MIN,AVG,MAX
16,111.47,116.22,163.10
17,111.31,111.61,111.93
18,95.65,101.09,113.07
19,95.33,95.68,96.52
20,95.75,95.95,96.15
21,95.72,95.98,96.96
22,95.63,95.85,96.15
23,95.56,95.90,96.66
24,95.78,96.19,97.35
25,96.04,96.39,97.25
26,95.85,96.14,96.90
27,95.82,96.29,96.59
28,96.41,96.64,96.89
29,96.27,96.53,96.76
30,96.21,96.57,97.63
31,96.39,96.57,96.78
32,96.33,96.51,96.68
33,96.19,96.45,96.66
34,96.36,96.54,96.79
35,96.06,96.30,97.09
36,96.86,97.05,97.24
37,97.06,97.23,97.44
38,97.02,97.18,97.39
39,97.05,97.25,97.42
40,97.14,97.34,97.60
41,97.30,97.48,97.73
42,97.33,97.55,98.34
43,97.33,97.43,97.60
44,97.31,97.42,97.53
45,97.19,97.43,97.58
46,97.32,97.47,97.68
47,97.33,97.46,97.66
48,97.38,97.48,97.61
49,97.40,97.54,97.76
50,98.06,98.25,99.01
51,98.25,98.48,98.69
52,98.42,98.54,98.72
53,98.28,98.51,98.74
54,98.37,98.56,98.81
55,98.42,98.64,98.87
56,98.27,98.51,98.74
57,98.48,98.62,98.81
58,98.47,98.60,98.81
59,98.54,98.71,98.96
60,98.35,98.59,98.85
61,98.32,98.47,99.21
62,98.30,98.45,98.69
63,98.34,98.51,98.74
64,98.34,98.57,98.83
65,98.32,98.48,98.63
66,98.32,98.50,98.79
67,98.33,98.50,98.74
68,98.33,98.51,98.81
69,98.34,98.54,98.74
70,98.32,98.46,98.71
71,98.27,98.50,98.77
72,98.40,98.60,98.81
73,98.44,98.68,98.96
74,98.54,98.76,99.02
75,98.54,98.73,99.00
76,98.54,99.25,101.85
77,98.84,99.21,101.74
78,98.82,99.01,99.20
79,98.74,98.95,99.41
80,98.74,98.99,99.22
81,98.81,99.06,99.35
82,100.04,100.42,100.66
83,101.15,101.39,101.67
84,101.67,101.87,102.14
85,101.86,102.10,102.37
86,101.68,102.03,102.30
87,101.85,102.13,102.32
88,101.86,102.13,102.33
89,101.90,102.10,102.32
90,101.79,102.39,104.05
91,101.76,102.34,103.31
92,101.81,101.99,102.34
93,101.69,101.92,102.26
94,101.63,101.95,102.75
95,101.82,102.02,102.17
96,101.69,101.96,102.17
97,101.76,101.95,102.15
98,101.78,102.04,102.22
99,101.90,102.09,102.37
100,101.96,102.11,102.33
101,101.99,102.16,102.37
102,102.03,102.21,102.38
103,102.01,102.20,102.57
104,102.03,102.47,103.26
105,102.03,102.31,103.53
106,101.99,102.20,102.44
107,102.03,102.19,102.46
108,102.17,102.32,102.57
109,102.10,102.28,102.49
110,101.95,102.24,102.44
111,102.10,102.36,102.57
112,102.20,102.41,102.57
113,102.15,102.37,102.58
114,102.29,102.45,102.71
115,102.24,102.46,102.70
116,102.29,102.46,102.70
117,102.10,102.45,103.44
118,102.17,102.43,102.64
119,102.23,102.47,102.64
120,102.24,102.49,102.71
121,102.44,102.68,102.90
122,102.91,103.24,103.51
123,104.20,104.48,104.72
124,105.33,105.57,105.93
125,106.51,106.71,106.92
126,107.43,107.63,107.96
127,107.78,107.97,108.15
128,107.85,108.15,108.38
129,108.17,108.46,108.70
130,108.23,108.51,108.86
131,108.28,108.59,108.96
132,108.45,108.70,108.89
133,108.67,108.97,109.19
134,108.84,109.06,109.33
135,108.86,109.15,109.41
136,108.97,109.34,109.59
137,109.16,109.70,110.12
138,109.63,109.85,110.13
139,109.81,110.05,110.30
140,109.75,110.11,110.41
141,110.00,110.26,110.56
142,110.31,110.53,110.84
143,110.40,110.72,110.91
144,110.70,110.89,111.11
145,110.62,110.97,111.22
146,110.82,111.11,112.19
147,111.11,111.24,111.51
148,111.21,111.46,111.71
149,111.31,111.60,111.78
150,111.54,111.75,111.98
151,111.78,111.94,112.13
152,111.98,112.88,114.81
153,112.41,112.68,112.86
154,112.65,112.90,113.50
155,112.80,113.13,113.39
156,113.12,113.30,113.46
157,113.34,113.49,113.79
158,113.23,113.52,113.77
159,113.46,113.76,114.00
160,113.80,114.05,114.31
161,114.17,114.43,114.71
162,114.32,114.61,114.86
163,114.51,114.84,115.16
164,114.72,115.30,116.17
165,115.24,115.81,117.72
166,115.41,115.61,115.77
167,115.47,115.63,115.87
168,115.48,115.79,116.02
169,115.75,115.95,116.15
170,115.82,116.06,116.22
171,115.94,116.10,116.31
172,115.97,116.14,116.35
173,116.22,116.42,116.69
174,116.29,116.52,116.75
175,116.28,116.47,116.71
176,116.30,116.64,116.95
177,116.68,117.08,117.71
178,116.76,117.03,117.21
179,117.07,117.21,117.40
180,117.15,117.31,117.57
181,117.09,117.31,118.21
182,117.21,117.42,117.68
183,117.41,117.57,117.85
184,117.43,117.62,117.85
185,117.41,117.58,117.79
186,117.48,117.75,117.96
187,117.46,117.70,117.90
188,117.56,117.82,118.06
189,117.73,117.95,118.07
190,117.83,118.03,118.20
191,117.96,118.18,118.34
192,117.99,118.24,118.47
193,118.23,118.46,118.66
194,118.34,118.50,118.68
195,118.43,118.66,118.94
196,118.64,118.95,119.26
197,119.15,119.38,119.58
198,119.24,119.48,119.67
199,119.31,119.53,119.76
200,119.57,119.77,120.05
201,119.85,120.01,120.18
202,119.85,120.10,120.46
203,119.90,120.17,120.38
204,120.05,120.31,120.52
205,119.64,120.04,120.87
206,119.87,120.55,120.85
207,120.68,120.91,121.15
208,120.72,120.90,121.10
209,121.00,121.24,121.51
210,121.04,121.31,121.53
211,121.26,121.52,121.73
212,121.59,121.78,122.00
213,121.78,122.01,122.33
214,122.00,122.23,122.54
215,122.20,122.48,122.70
216,122.47,122.79,123.09
217,122.74,123.02,123.21
218,122.94,123.12,123.29
219,123.05,123.64,125.83
220,123.56,123.78,124.66
221,123.68,123.88,124.25
222,123.81,124.08,124.28
223,124.04,124.28,124.50
224,124.31,124.58,125.33
225,124.44,124.66,124.91
226,124.51,124.71,125.00
227,124.67,124.86,125.09
228,124.75,124.99,125.23
229,125.07,125.23,125.38
230,125.19,125.66,126.82
231,125.98,126.57,127.66
232,126.31,126.53,126.76
233,126.58,126.73,126.98
234,126.57,126.78,127.02
235,126.65,126.93,127.24
236,126.90,127.09,127.37
237,127.06,127.33,127.64
238,127.22,127.49,127.71
239,127.44,127.70,128.01
240,127.90,128.24,128.58
241,128.56,128.83,129.19
242,129.49,130.13,132.45
243,130.73,131.38,131.77
244,134.38,135.01,135.41
245,134.16,134.95,135.38
246,145.81,146.53,147.23
247,153.47,155.13,156.08
248,164.37,165.75,166.81
249,172.96,174.29,175.31
250,181.10,182.76,183.84
251,185.89,187.58,188.83
252,195.40,196.61,197.39
253,197.04,197.39,197.68
254,197.34,197.55,197.88
255,197.44,197.73,198.09
256,197.77,197.99,198.35
257,198.08,198.48,198.82
258,198.09,198.39,198.75
259,198.46,198.69,199.16
260,198.73,198.99,199.30
261,198.80,199.14,199.50
262,199.00,199.30,199.58
263,199.23,199.54,199.85
264,199.29,199.69,200.03
265,199.47,199.80,200.20
266,199.70,199.95,200.17
267,199.81,200.09,200.71
268,199.92,200.23,200.64
269,200.03,200.70,205.62
270,200.75,201.43,202.82
271,200.36,200.77,201.52
272,200.50,200.84,201.10
273,200.44,200.76,201.13
274,200.57,200.88,201.24
275,200.55,200.88,201.21
276,200.71,201.28,202.86
277,202.49,203.47,206.15
278,202.51,202.78,203.30
279,201.84,202.42,203.17
280,202.24,202.51,203.02
281,201.98,202.45,202.99
282,202.17,202.46,202.77
283,202.37,202.68,203.13
284,202.77,205.20,208.89
285,204.12,204.75,205.41
286,204.01,204.59,205.05
287,203.93,204.36,204.74
288,203.90,204.26,204.61
289,204.07,204.42,205.08
290,203.93,204.24,204.57
291,203.96,204.28,204.67
292,204.20,204.46,204.84
293,204.13,204.44,204.75
294,204.32,204.61,204.97
295,204.48,204.78,205.08
296,204.52,204.92,205.36
297,204.77,205.08,205.46
298,204.81,205.23,205.60
299,205.08,205.36,205.75
300,205.21,205.60,206.02
301,205.53,205.94,206.33
302,206.01,206.30,206.53
303,206.11,206.46,206.82
304,206.27,206.62,207.06
305,206.43,206.90,207.24
306,206.63,206.93,207.87
307,206.62,207.07,207.45
308,207.24,208.15,212.17
309,207.56,208.13,209.18
310,207.70,208.13,208.91
311,207.63,208.20,208.59
312,207.36,208.00,208.50
313,207.21,207.65,207.98
314,207.49,207.93,208.24
315,207.50,208.55,212.13
316,207.63,207.99,208.93
317,207.70,208.08,208.37
318,207.83,208.14,208.40
319,207.86,208.28,208.61
320,208.21,208.48,208.96
321,208.71,209.01,209.43
322,208.98,209.86,211.60
323,210.45,210.71,211.04
324,211.26,211.85,214.11
325,211.29,211.60,211.93
326,211.03,211.60,211.97
327,211.45,211.79,212.20
328,211.55,211.97,212.35
329,211.91,212.20,212.51
330,211.71,212.15,212.50
331,211.77,212.15,212.68
332,211.86,212.19,212.65
333,211.86,212.14,212.45
334,211.84,212.17,212.60
335,211.88,212.15,212.50
336,211.98,212.27,212.59
337,211.93,212.31,212.60
338,212.09,212.51,213.18
339,212.55,213.00,213.28
340,212.81,213.14,213.63
341,212.78,213.25,213.68
342,212.77,213.25,213.71
343,212.95,213.48,213.99
344,213.14,213.60,214.75
345,213.19,213.71,214.09
346,213.61,214.51,217.53
347,213.41,213.89,214.35
348,213.40,213.71,214.08
349,213.54,213.86,214.15
350,213.75,214.02,214.42
351,213.88,214.10,214.49
352,213.68,214.15,215.04
353,214.42,216.04,217.92
354,215.23,215.54,215.95
355,214.86,215.20,215.68
356,214.75,215.08,215.43
357,214.50,215.04,215.49
358,214.48,214.84,215.18
359,214.75,215.35,217.61
360,215.74,216.06,216.41
361,215.88,216.14,216.67
362,215.56,215.99,216.32
363,215.49,215.82,216.17
364,215.00,215.56,216.05
365,215.20,215.65,215.99
366,215.45,215.74,216.25
367,215.34,215.80,216.10
368,215.56,215.93,216.23
369,215.87,216.19,216.45
370,215.95,216.25,216.55
371,215.83,216.25,216.57
372,215.90,216.33,216.84
373,216.10,216.42,216.88
374,216.10,216.48,216.93
375,216.35,216.73,217.11
376,216.55,216.98,217.25
377,216.84,217.15,217.38
378,216.84,217.16,217.53
379,216.77,217.19,217.53
380,216.97,217.26,217.71
381,217.17,217.57,218.52
382,217.21,217.61,217.93
383,217.63,219.50,223.67
384,218.94,219.32,219.86
385,218.79,219.15,219.57
386,218.65,219.04,219.52
387,218.45,218.80,219.19
388,218.41,218.81,219.20
389,218.47,219.80,223.49
390,220.16,220.72,222.20
391,218.42,218.99,220.76
392,218.82,219.20,219.57
393,219.10,219.59,219.90
394,219.26,219.65,220.00
395,219.69,220.09,220.42
396,220.01,221.12,223.04
397,220.82,221.13,221.48
398,220.55,220.90,221.41
399,220.67,221.03,221.29
400,220.87,221.14,221.46
401,221.47,221.76,222.11
402,220.98,221.41,221.77
403,221.51,221.80,222.15
404,221.49,221.87,222.24
405,221.68,222.03,222.31
406,222.16,222.51,222.82
407,222.23,222.53,222.95
408,222.42,222.71,222.94
409,222.82,223.08,223.43
410,222.69,223.00,223.40
411,223.02,223.46,224.10
412,223.67,223.94,224.38
413,223.76,224.32,224.71
414,224.12,224.36,224.68
415,224.03,224.37,224.84
416,224.10,224.51,224.85
417,224.67,224.97,226.01
418,224.41,224.63,225.36
419,226.34,227.38,232.19
420,226.11,226.54,227.13
421,226.34,226.86,227.16
422,226.37,226.67,227.05
423,226.54,226.83,227.12
424,226.99,227.27,227.63
425,227.32,228.42,230.89
426,227.57,227.84,228.20
427,227.25,227.53,227.93
428,227.32,227.50,227.73
429,227.43,227.72,227.96
430,227.58,227.84,228.19
431,227.72,228.39,230.38
432,228.32,228.61,229.00
433,228.68,228.95,229.21
434,228.33,228.70,229.14
435,228.26,228.58,229.00
436,228.40,228.65,229.04
437,228.90,229.13,229.38
438,229.00,229.34,229.68
439,229.37,229.67,229.95
440,229.54,229.84,230.16
441,229.89,230.13,230.39
442,229.81,230.12,230.47
443,230.01,230.33,230.57
444,229.84,230.37,230.68
445,230.55,230.79,231.09
446,230.68,231.03,231.30
447,231.08,231.31,231.63
448,231.27,231.55,232.02
449,231.72,231.97,232.30
450,231.47,231.83,232.21
451,231.69,232.06,232.81
452,231.96,232.15,232.43
453,232.10,233.39,237.31
454,233.10,233.56,233.91
455,232.99,233.32,233.62
456,233.51,233.82,234.18
457,233.46,233.71,233.97
458,233.31,233.65,233.95
459,233.64,234.77,237.93
460,235.12,235.73,237.43
461,235.12,235.55,235.86
462,234.85,235.33,235.79
463,235.12,235.37,235.68
464,235.38,235.78,236.06
465,235.84,236.40,238.01
466,236.01,236.36,236.70
467,235.96,236.37,236.67
468,236.03,236.29,236.88
469,236.20,236.46,236.77
470,236.04,236.26,236.60
471,236.26,236.44,236.71
472,236.40,236.77,237.07
473,236.73,237.27,237.66
474,236.69,237.13,237.62
475,237.03,237.44,237.88
476,237.15,237.66,238.06
477,237.50,237.89,238.18
478,237.84,238.21,238.49
479,237.94,238.45,238.74
480,238.41,238.64,238.89
481,239.02,239.32,239.63
482,238.88,239.16,239.44
483,239.14,239.39,239.74
484,239.11,239.37,239.68
485,239.22,239.57,240.75
486,239.52,239.88,240.23
487,239.95,241.05,244.67
488,240.21,240.54,240.82
489,240.36,240.70,241.05
490,240.29,240.62,240.87
491,240.42,240.76,241.10
492,240.44,240.76,242.38
493,241.62,242.75,244.99
494,242.27,242.63,242.94
495,241.74,242.17,242.80
496,241.76,242.12,242.63
497,242.04,242.45,242.72
498,242.11,242.42,243.93
499,242.64,243.10,244.59
500,242.57,243.02,243.48
501,242.45,242.97,243.52
502,242.66,243.03,243.46
503,242.83,243.12,243.49
504,243.21,243.53,243.74
505,243.52,243.85,244.24
506,243.39,243.76,244.08
507,243.85,244.14,244.52
508,244.18,244.41,244.65
509,244.17,244.43,244.71
510,244.30,244.52,244.77
511,244.53,244.77,245.15
512,244.88,245.09,245.39
513,245.06,245.44,245.77
514,244.92,245.26,245.67
515,245.57,245.84,246.17
516,245.70,246.04,246.44
517,246.00,246.30,246.56
518,246.11,246.44,247.49
519,246.17,247.40,252.42
520,246.88,247.71,249.53
521,247.12,247.50,248.06
522,246.85,247.21,247.63
523,246.92,247.35,247.66
524,247.29,247.57,247.82
525,247.76,249.12,251.93
526,248.30,248.67,249.10
527,248.28,248.53,248.92
528,248.16,248.51,248.82
529,248.58,249.07,249.45
530,248.31,248.75,249.17
531,249.05,249.76,251.17
532,249.17,249.67,250.04
533,249.71,250.05,250.45
534,250.06,250.41,250.85
535,249.84,250.27,250.66
536,250.12,250.41,250.81
537,250.55,250.90,251.19
538,250.78,251.01,251.30
539,250.84,251.16,251.47
540,251.05,251.30,251.59
541,251.29,251.69,251.92
542,251.51,251.89,252.31
543,251.67,252.09,252.40
544,252.03,252.34,252.74
545,252.58,252.86,253.20
546,252.50,252.77,253.01
547,252.40,252.74,253.01
548,252.65,252.94,253.40
549,252.74,253.19,254.10
550,252.97,253.33,253.81
551,253.20,254.72,258.11
552,254.15,254.82,255.51
553,254.34,254.85,255.55
554,254.26,254.63,255.11
555,254.36,254.77,255.33
556,254.68,255.28,256.78
557,255.85,256.76,259.25
558,255.62,256.22,256.65
559,255.62,256.13,256.50
560,256.01,256.42,256.81
561,256.56,256.93,257.27
562,256.45,257.01,258.94
563,256.56,257.01,257.66
564,256.50,256.92,257.28
565,256.73,257.13,257.49
566,256.56,257.11,257.57
567,257.06,257.43,257.71
568,257.23,257.64,257.98
569,257.66,257.92,258.11
570,257.77,258.03,258.25
571,257.91,258.10,258.44
572,257.93,258.23,258.51
573,258.15,258.41,258.65
574,258.27,258.55,258.92
575,258.44,258.79,259.12
576,258.92,259.30,259.64
577,259.50,259.81,260.19
578,259.15,259.53,259.86
579,259.25,259.67,260.18
580,259.65,260.00,260.84
581,259.76,260.09,260.43
582,260.15,261.83,265.86
583,261.18,261.48,261.98
584,261.45,261.74,262.14
585,261.54,262.02,262.32
586,261.66,262.10,262.45
587,262.01,262.92,265.91
588,262.59,263.01,264.83
589,262.59,262.91,263.33
590,262.66,263.00,263.23
591,262.68,263.05,263.38
592,262.95,263.30,263.69
593,263.68,264.27,265.44
594,263.49,263.79,264.13
595,263.67,263.94,264.23
596,263.78,264.11,264.66
597,263.98,264.29,264.56
598,264.17,264.38,264.58
599,263.99,264.35,264.76
600,264.23,264.49,264.86
601,264.52,264.85,265.30
602,264.43,264.70,264.96
603,264.78,265.22,265.79
604,265.39,265.86,266.17
605,266.02,266.46,266.90
606,266.53,267.20,267.59
607,267.25,267.56,267.87
608,267.35,267.70,268.02
609,267.78,268.14,268.52
610,267.60,268.09,268.91
611,267.96,268.26,268.86
612,268.30,269.23,272.32
613,268.31,268.73,270.44
614,268.47,268.77,269.09
615,268.54,268.89,269.53
616,269.07,269.44,269.80
617,269.67,270.57,273.23
618,269.92,270.29,270.79
619,270.01,270.46,270.80
620,270.14,270.54,270.89
621,270.61,270.94,271.33
622,270.69,271.15,272.52
623,270.12,270.47,270.76
624,270.07,270.51,271.00
625,270.64,270.88,271.20
626,270.34,270.76,271.23
627,270.48,270.73,271.09
628,270.78,271.08,271.48
629,270.89,271.16,271.36
630,270.97,271.28,271.75
631,271.10,271.39,271.75
632,271.28,271.63,271.95
633,271.75,272.08,272.51
634,271.95,272.19,272.56
635,272.02,272.48,272.96
636,272.42,272.81,273.10
637,272.66,272.87,273.30
638,272.83,273.12,273.51
639,272.96,273.30,273.77
640,273.23,273.69,274.51
641,273.70,274.61,277.60
642,273.76,274.14,274.44
643,274.23,274.53,274.85
644,273.66,274.15,274.71
645,273.77,274.31,274.71
646,274.17,275.26,278.51
647,274.81,275.41,277.52
648,274.91,275.35,275.72
649,275.58,275.91,276.19
650,275.36,275.67,276.08
651,275.45,275.99,277.50
652,276.76,277.22,279.90
653,276.93,277.22,277.53
654,277.12,277.41,277.63
655,277.36,277.63,277.80
656,277.27,277.53,277.74
657,277.71,277.98,278.23
658,276.46,277.00,277.94
659,276.86,277.12,277.42
660,276.96,277.20,277.47
661,277.06,277.39,277.74
662,277.43,277.76,278.07
663,277.49,277.82,278.34
664,277.67,278.13,278.54
665,278.14,278.55,278.95
666,278.14,278.64,279.15
667,278.51,279.03,279.35
668,279.15,279.41,280.22
669,279.53,280.00,280.36
670,279.55,280.47,283.98
671,279.62,280.15,280.75
672,280.19,280.55,281.00
673,281.10,281.39,281.76
674,280.74,281.13,281.48
675,281.16,282.34,284.96
676,281.60,282.02,282.49
677,281.57,281.99,282.49
678,282.09,282.42,282.98
679,282.37,282.88,283.29
680,282.78,283.33,285.05
681,282.97,283.25,283.80
682,283.13,283.41,283.73
683,283.30,283.65,283.92
684,283.23,283.53,283.94
685,283.38,283.71,283.99
686,283.56,283.82,284.17
687,283.58,283.80,284.12
688,283.58,283.95,284.32
689,284.05,284.42,284.79
690,283.80,284.07,284.34
691,284.00,284.26,284.53
692,284.08,284.49,284.87
693,284.47,284.90,285.28
694,284.74,285.12,285.40
695,284.93,285.23,285.70
696,285.00,285.44,286.21
697,285.52,285.85,286.11
698,285.72,286.62,290.13
699,285.63,285.95,286.42
700,285.79,286.09,286.41
701,286.03,286.32,286.63
702,286.13,286.45,286.81
703,286.41,288.33,290.69
704,287.21,287.90,288.36
705,287.62,287.99,288.38
706,287.35,287.78,288.15
707,287.68,288.01,288.42
708,287.81,288.53,289.57
709,288.46,288.83,289.16
710,288.32,288.70,289.23
711,288.15,288.62,289.08
712,288.66,289.01,289.36
713,288.73,289.19,289.63
714,288.69,289.01,289.36
715,288.91,289.30,289.73
716,289.13,289.59,290.00
717,289.55,289.92,290.37
718,289.67,290.15,290.71
719,289.65,290.12,290.61
720,290.00,290.66,291.04
721,290.78,291.12,291.50
722,290.72,291.02,291.31
723,290.81,291.12,291.38
724,290.94,291.24,292.19
725,291.04,292.04,295.83
726,291.78,292.13,292.65
727,291.99,292.34,292.72
728,292.32,292.62,292.93
729,292.68,293.07,293.51
730,292.86,293.89,296.84
731,292.79,293.25,293.81
732,292.99,293.36,293.68
733,293.06,293.48,293.87
734,293.19,293.44,293.83
735,293.40,294.10,295.72
736,293.60,293.97,294.34
737,294.47,294.77,295.21
738,294.24,294.60,294.94
739,294.25,294.58,294.98
740,294.41,294.68,294.97
741,294.18,294.61,294.88
742,294.58,294.91,295.21
743,294.78,295.14,295.54
744,295.39,295.84,296.40
745,296.05,296.41,296.79
746,296.20,296.49,296.85
747,296.51,297.17,297.55
748,296.62,297.21,297.91
749,297.30,297.64,297.95
750,297.58,298.00,298.31
751,298.05,298.33,299.18
752,298.25,299.14,302.81
753,298.80,299.28,299.77
754,298.62,299.11,299.41
755,298.91,299.31,299.73
756,299.39,299.66,299.94
757,299.37,300.25,302.97
758,299.78,300.04,300.39
759,299.65,300.18,300.53
760,300.01,300.44,300.67
761,300.38,300.61,300.93
762,298.99,300.03,301.82
763,299.35,299.64,300.03
764,299.48,299.80,300.17
765,299.97,300.24,300.59
766,300.08,300.39,300.66
767,300.28,300.60,300.89
768,300.59,300.88,301.13
769,300.79,301.09,301.45
770,300.77,300.97,301.19
771,300.90,301.17,301.53
772,300.93,301.32,301.61
773,301.21,301.47,301.75
774,301.46,301.78,302.07
775,301.46,301.78,302.09
776,301.73,302.12,302.56
777,302.09,302.53,303.48
778,302.10,302.71,307.22
779,302.79,303.44,305.58
780,303.09,303.44,303.75
781,303.33,303.75,304.27
782,303.47,303.82,304.15
783,303.60,304.73,308.15
784,304.49,304.91,305.43
785,304.74,305.16,305.59
786,304.12,304.61,305.00
787,304.52,304.72,304.96
788,304.66,305.20,306.84
789,305.03,305.34,305.68
790,305.16,305.55,305.89
791,305.36,305.57,305.90
792,305.56,305.81,306.08
793,305.74,306.16,306.63
794,305.63,306.10,306.44
795,306.10,306.43,306.77
796,306.30,306.60,306.97
797,306.68,307.01,307.48
798,306.77,307.10,307.42
799,306.97,307.43,307.88
800,307.44,307.81,308.15
