ICOUNT,MIN,AVG,MAX
16,92.64,95.89,140.35
17,92.54,92.69,93.91
18,92.61,92.78,93.50
19,92.67,92.82,93.59
20,92.68,92.84,93.58
21,92.69,92.87,93.03
22,92.73,92.92,94.46
23,92.74,92.92,93.04
24,92.77,92.89,93.02
25,92.74,92.88,93.62
26,92.76,92.90,93.05
27,92.69,93.07,94.51
28,92.83,93.00,93.26
29,92.90,93.08,94.91
30,92.79,93.00,94.83
31,92.79,92.96,93.13
32,92.82,92.95,93.22
33,92.76,92.91,93.60
34,92.75,92.94,93.13
35,92.88,93.03,93.26
36,92.83,92.98,93.13
37,92.82,92.95,93.07
38,92.75,92.89,93.14
39,92.77,92.89,93.57
40,92.73,92.88,93.03
41,92.94,93.13,94.71
42,92.96,93.17,94.53
43,92.99,93.13,93.36
44,93.03,93.13,93.23
45,92.94,93.09,93.22
46,92.99,93.13,93.94
47,93.06,93.17,93.35
48,93.20,93.33,93.45
49,93.08,93.22,93.39
50,93.19,93.31,93.52
51,93.17,93.30,93.44
52,93.16,93.31,93.46
53,93.24,93.33,93.49
54,93.20,93.29,93.43
55,93.10,93.27,94.28
56,93.07,93.27,94.07
57,93.06,93.22,93.35
58,93.38,93.49,93.66
59,93.38,93.53,93.75
60,93.41,93.57,94.98
61,93.46,93.57,93.76
62,93.43,93.54,93.79
63,93.42,93.58,93.73
64,93.39,93.55,93.70
65,93.31,93.49,94.98
66,93.46,93.56,93.69
67,93.45,93.61,93.88
68,93.43,93.59,94.46
69,93.43,93.56,93.70
70,93.50,93.66,94.94
71,93.42,93.53,93.66
72,93.45,93.58,93.73
73,93.36,93.58,93.73
74,93.78,94.01,94.78
75,93.84,93.97,94.13
76,93.79,93.96,94.19
77,93.81,93.96,94.09
78,93.80,93.93,94.06
79,93.82,93.95,94.14
80,93.78,93.96,94.16
81,93.70,93.86,94.06
82,93.76,93.95,94.09
83,93.84,94.11,95.62
84,93.85,94.06,94.55
85,93.85,94.18,95.71
86,93.87,94.06,94.29
87,93.78,93.94,94.11
88,93.84,94.02,94.22
89,93.85,94.04,94.22
90,93.97,94.08,94.20
91,93.85,94.05,94.20
92,93.88,94.02,94.20
93,93.85,94.01,95.00
94,93.84,94.03,94.21
95,93.92,94.05,94.27
96,93.85,93.99,94.16
97,93.75,94.04,95.20
98,93.90,94.05,94.32
99,93.85,94.12,95.56
100,93.76,93.95,94.26
101,93.77,93.94,94.19
102,93.80,93.96,94.11
103,94.43,94.61,94.77
104,94.68,94.81,94.96
105,94.55,94.76,95.07
106,94.65,94.79,95.51
107,94.61,94.78,96.31
108,94.67,94.79,94.99
109,94.63,94.78,94.89
110,94.67,94.80,94.93
111,94.62,94.92,96.43
112,94.72,94.85,95.01
113,94.62,94.77,94.93
114,94.65,94.79,95.03
115,94.71,94.80,94.90
116,94.64,94.80,95.95
117,94.70,94.84,95.00
118,94.73,94.86,95.04
119,94.69,94.82,94.94
120,94.66,94.80,94.95
121,94.64,94.84,95.71
122,94.68,94.79,94.91
123,94.66,94.81,94.93
124,94.69,94.83,95.03
125,94.68,94.84,95.04
126,94.77,94.90,96.34
127,94.73,94.89,95.07
128,94.79,94.90,94.99
129,94.72,94.84,94.95
130,94.74,94.90,95.03
131,94.74,94.87,95.04
132,94.80,94.92,95.13
133,94.79,94.91,95.59
134,94.70,94.88,95.03
135,94.79,94.90,95.40
136,94.78,94.91,95.04
137,94.71,94.90,95.07
138,94.70,94.84,95.05
139,94.76,94.88,95.01
140,94.76,94.90,95.75
141,94.73,94.85,94.98
142,94.73,94.86,95.07
143,94.73,94.86,95.10
144,94.77,94.91,95.07
145,94.72,94.86,95.03
146,94.78,94.91,95.05
147,94.83,94.95,95.09
148,94.79,94.94,95.12
149,94.83,94.98,96.37
150,94.77,94.95,95.10
151,94.77,95.01,95.18
152,94.87,95.02,95.17
153,94.85,95.12,97.43
154,94.89,95.02,95.18
155,94.83,95.19,96.65
156,94.85,94.98,95.12
157,94.78,94.97,95.12
158,94.80,95.00,96.14
159,94.81,94.96,95.14
160,94.82,94.98,95.10
161,94.83,94.95,95.11
162,94.89,95.01,95.17
163,94.90,95.03,96.32
164,94.87,95.00,95.20
165,94.84,94.94,95.05
166,94.84,94.95,95.06
167,94.84,95.19,96.26
168,94.93,95.11,95.71
169,94.92,95.21,96.30
170,95.27,95.43,95.61
171,96.67,96.86,97.05
172,97.70,97.87,98.82
173,97.58,97.81,97.95
174,97.65,97.76,97.98
175,97.72,97.83,97.99
176,97.68,97.86,98.02
177,97.62,97.77,98.36
178,97.62,97.79,97.92
179,97.64,97.77,97.92
180,97.59,97.75,97.91
181,97.69,97.95,99.06
182,97.72,97.83,97.95
183,97.60,97.83,98.04
184,97.75,97.87,97.97
185,97.75,97.87,98.10
186,97.73,97.82,97.98
187,97.72,97.86,98.03
188,97.72,97.87,98.04
189,97.74,97.90,98.02
190,97.77,97.93,98.93
191,97.80,97.92,98.10
192,97.76,97.90,98.07
193,97.72,97.83,97.96
194,97.71,97.88,98.03
195,97.72,97.88,98.02
196,97.76,97.92,98.13
197,97.69,97.86,98.05
198,97.72,97.85,98.03
199,97.76,97.87,98.02
200,97.80,97.90,98.02
201,97.77,97.93,98.03
202,97.81,97.99,98.15
203,97.76,97.94,98.16
204,97.81,97.93,98.09
205,97.82,97.95,98.08
206,97.85,97.98,98.90
207,97.86,98.00,98.17
208,97.86,98.02,99.00
209,97.76,97.91,98.05
210,97.76,97.98,98.16
211,97.80,98.01,98.68
212,97.85,98.01,98.13
213,97.81,98.03,99.18
214,97.91,98.02,98.14
215,97.87,98.03,98.21
216,97.86,97.98,98.14
217,97.90,98.06,99.28
218,97.87,98.00,98.16
219,97.84,98.00,98.16
220,97.85,98.04,98.27
221,97.99,98.19,99.42
222,98.01,98.14,98.31
223,97.99,98.24,99.81
224,97.93,98.10,98.31
225,97.92,98.02,98.13
226,97.99,98.13,98.42
227,97.99,98.14,98.24
228,97.99,98.12,98.29
229,98.02,98.14,98.35
230,97.98,98.11,98.38
231,97.89,98.09,99.56
232,97.92,98.13,98.27
233,98.04,98.16,98.36
234,98.03,98.14,98.34
235,98.01,98.41,99.69
236,98.17,98.27,98.40
237,98.10,98.39,99.99
238,98.00,98.21,98.40
239,98.03,98.21,98.37
240,98.08,98.25,98.42
241,98.00,98.21,98.41
242,98.11,98.24,98.37
243,98.05,98.18,98.32
244,98.07,98.21,98.52
245,98.14,98.26,98.38
246,98.16,98.27,98.45
247,98.17,98.32,98.46
248,98.14,98.40,99.83
249,98.20,98.37,99.32
250,98.21,98.34,98.53
251,98.20,98.30,98.42
252,98.13,98.30,98.46
253,98.18,98.34,98.52
254,98.28,98.42,98.52
255,98.81,98.95,99.11
256,99.70,99.82,99.98
257,100.54,100.68,100.81
258,100.67,100.83,101.00
259,100.72,100.89,101.08
260,100.87,101.03,101.14
261,100.91,101.09,101.24
262,100.97,101.12,102.19
263,101.04,101.19,101.35
264,101.11,101.25,101.41
265,101.18,101.30,101.42
266,101.21,101.38,101.54
267,101.35,101.47,101.67
268,101.45,101.62,101.87
269,101.62,101.74,101.94
270,101.70,101.85,101.99
271,101.70,101.90,102.72
272,101.81,101.97,102.26
273,101.83,102.01,102.18
274,101.99,102.15,102.37
275,102.15,102.29,102.44
276,102.32,102.45,102.62
277,102.32,102.45,102.64
278,102.35,102.49,102.65
279,102.43,102.55,102.67
280,102.53,102.65,102.79
281,102.58,102.72,102.86
282,102.69,102.84,102.97
283,102.74,102.89,103.16
284,102.83,102.96,103.16
285,102.80,103.06,103.23
286,102.93,103.10,103.29
287,103.02,103.24,104.95
288,103.23,103.38,103.87
289,103.24,103.44,105.32
290,103.36,103.58,105.59
291,103.44,103.57,103.70
292,103.46,103.63,104.44
293,103.61,103.81,104.05
294,103.74,103.90,104.09
295,103.85,103.97,104.11
296,103.89,103.99,104.16
297,103.99,104.09,104.28
298,104.02,104.17,104.28
299,104.05,104.19,104.32
300,104.15,104.45,106.69
301,104.25,104.42,104.61
302,104.34,104.72,107.70
303,104.40,104.59,104.74
304,104.46,104.59,104.72
305,104.40,104.56,104.75
306,104.59,104.75,104.91
307,104.60,104.78,104.96
308,104.73,104.88,105.06
309,104.82,105.05,107.81
310,104.97,105.08,105.21
311,104.99,105.10,105.27
312,105.08,105.27,105.41
313,105.22,105.56,108.31
314,105.29,105.45,105.71
315,105.31,105.46,105.59
316,105.38,105.54,105.73
317,105.50,105.65,105.78
318,105.66,105.83,108.79
319,105.72,105.82,106.07
320,105.80,105.96,106.08
321,105.87,106.01,106.15
322,106.01,106.17,106.37
323,106.21,106.33,106.48
324,106.27,106.41,106.54
325,106.38,106.55,106.72
326,106.46,106.62,106.87
327,106.66,106.77,106.94
328,106.78,106.89,107.01
329,106.78,106.94,107.06
330,107.01,107.14,107.30
331,107.18,107.34,107.50
332,107.21,107.36,107.57
333,107.60,107.74,107.85
334,107.69,107.86,111.00
335,107.82,107.96,108.15
336,107.86,108.03,108.13
337,107.81,108.03,108.20
338,108.11,108.29,110.71
339,108.23,108.35,108.53
340,108.27,108.39,108.62
341,108.30,108.45,108.73
342,108.47,108.65,110.40
343,108.49,108.65,108.79
344,108.60,108.74,109.03
345,108.62,108.77,109.03
346,108.66,108.87,110.73
347,108.66,108.84,109.01
348,108.80,108.95,109.10
349,108.85,109.04,112.07
350,108.93,109.22,110.94
351,109.15,109.32,109.51
352,109.16,109.56,113.03
353,109.21,109.32,109.50
354,109.38,109.49,109.66
355,109.46,109.60,110.11
356,109.48,109.62,109.78
357,109.59,109.75,109.96
358,109.67,109.83,110.04
359,109.79,109.94,112.56
360,109.81,109.98,110.09
361,110.00,110.09,110.32
362,109.98,110.36,113.06
363,110.14,110.33,111.98
364,110.18,110.60,114.85
365,110.32,110.45,110.59
366,110.49,110.60,110.78
367,110.52,110.65,110.90
368,110.63,110.77,110.90
369,110.63,110.77,110.96
370,110.80,110.96,111.10
371,110.89,111.06,113.39
372,110.97,111.13,111.24
373,111.08,111.21,111.42
374,111.10,111.51,114.70
375,111.23,111.35,111.60
376,111.26,111.42,111.60
377,111.35,111.50,111.67
378,111.57,111.70,111.87
379,111.62,111.74,112.04
380,111.62,111.81,112.05
381,111.73,111.86,112.00
382,111.77,111.92,112.07
383,111.86,111.97,112.19
384,111.94,112.05,112.21
385,111.95,112.09,112.29
386,112.03,112.19,112.44
387,112.22,112.34,112.55
388,112.27,112.40,112.57
389,112.32,112.50,112.63
390,112.45,112.58,112.74
391,112.45,112.59,112.74
392,112.46,112.60,112.72
393,112.57,112.71,112.94
394,112.60,112.79,114.65
395,112.68,112.81,112.93
396,112.72,112.89,113.01
397,112.81,112.93,113.05
398,112.85,113.02,113.22
399,112.92,113.08,113.25
400,112.99,113.15,113.37
401,113.00,113.10,113.21
402,113.21,113.32,113.55
403,113.30,113.43,113.59
404,113.34,113.48,113.60
405,113.41,113.54,113.69
406,113.51,113.68,117.80
407,113.49,113.62,113.83
408,113.67,113.80,113.94
409,113.66,113.93,116.60
410,113.97,114.20,118.31
411,114.08,114.49,119.93
412,114.04,114.17,114.39
413,114.17,114.29,114.44
414,114.24,114.36,114.59
415,114.22,114.42,114.57
416,114.32,114.46,114.68
417,114.43,114.56,114.66
418,114.59,114.79,117.90
419,114.65,114.76,114.96
420,114.70,114.82,114.95
421,114.82,115.31,119.98
422,114.84,114.99,115.24
423,115.08,115.55,121.01
424,115.10,115.21,115.40
425,115.19,115.42,117.96
426,115.27,115.41,115.66
427,115.31,115.45,115.68
428,115.67,115.79,115.96
429,115.62,115.81,116.07
430,115.74,115.93,116.07
431,115.89,116.01,116.16
432,115.89,116.35,120.69
433,115.99,116.16,116.47
434,116.07,116.26,116.47
435,116.24,116.35,116.48
436,116.28,116.42,116.54
437,116.41,116.61,121.01
438,116.62,116.77,116.94
439,116.61,116.84,117.05
440,116.84,117.05,122.17
441,116.87,117.04,117.20
442,116.93,117.08,117.24
443,117.14,117.25,117.39
444,117.22,117.35,117.58
445,117.34,117.45,117.56
446,117.39,117.51,117.68
447,117.43,117.56,117.78
448,117.61,117.76,117.97
449,117.56,117.70,117.88
450,117.83,117.95,118.06
451,117.89,118.05,118.19
452,117.97,118.21,124.33
453,118.18,118.34,118.51
454,118.31,118.44,118.65
455,118.44,118.71,122.70
456,118.51,118.63,118.75
457,118.61,118.74,118.87
458,118.82,118.94,119.09
459,118.91,119.13,123.19
460,119.04,119.19,119.32
461,119.15,119.30,119.43
462,119.29,119.40,119.53
463,119.54,119.74,125.10
464,119.59,119.74,119.85
465,119.66,119.79,119.97
466,119.77,120.03,122.53
467,119.91,120.14,123.55
468,120.13,120.69,126.27
469,120.13,120.27,120.40
470,120.17,120.33,120.53
471,120.35,120.48,120.67
472,120.41,120.52,120.69
473,120.60,120.77,120.93
474,120.78,120.90,121.07
475,120.88,121.05,121.20
476,120.93,121.10,121.27
477,121.12,121.71,127.65
478,121.38,121.54,121.68
479,121.49,122.02,129.61
480,121.59,121.72,121.87
481,121.49,121.68,122.05
482,121.76,121.93,122.08
483,122.02,122.14,122.31
484,122.10,122.25,122.57
485,122.22,122.41,123.20
486,122.37,122.51,122.78
487,122.50,122.62,122.79
488,122.73,123.34,129.51
489,122.73,122.89,123.06
490,122.93,123.11,123.23
491,123.07,123.23,123.47
492,123.17,123.38,128.76
493,123.45,123.56,123.78
494,123.49,123.63,123.80
495,123.64,123.81,123.95
496,123.74,124.00,129.66
497,123.86,123.97,124.15
498,124.06,124.23,124.44
499,124.14,124.25,124.53
500,124.21,124.36,124.59
501,124.40,124.56,124.68
502,124.39,124.57,124.71
503,124.64,124.83,125.12
504,124.68,124.85,125.09
505,124.99,125.11,125.42
506,125.04,125.32,130.72
507,125.84,126.03,126.24
508,127.70,127.86,128.04
509,128.90,129.10,129.39
510,140.30,140.54,140.81
511,146.57,147.36,148.16
512,146.36,146.64,146.93
513,188.17,188.41,188.66
514,188.32,188.53,188.74
515,188.38,188.60,188.81
516,188.35,188.63,188.90
517,188.59,189.01,193.68
518,188.84,189.28,192.22
519,188.88,189.06,189.26
520,188.93,189.22,189.51
521,189.04,189.25,189.51
522,188.97,189.21,189.46
523,189.22,189.41,189.72
524,189.36,189.86,192.28
525,189.50,190.04,192.83
526,189.40,189.63,189.87
527,189.47,189.73,191.86
528,189.64,189.83,191.39
529,189.67,189.91,191.52
530,189.76,190.03,190.35
531,189.75,190.27,193.13
532,189.95,190.17,190.38
533,190.22,190.45,190.71
534,190.43,190.66,192.26
535,190.48,190.61,190.83
536,190.49,190.69,192.87
537,190.55,190.83,191.03
538,190.73,190.98,193.17
539,190.78,190.97,193.22
540,190.76,191.05,191.21
541,190.99,191.25,193.69
542,190.91,191.14,191.42
543,191.17,191.36,191.95
544,191.26,191.45,191.63
545,191.18,191.40,191.67
546,191.34,191.55,191.93
547,191.52,191.71,191.90
548,191.60,191.79,192.06
549,191.72,191.90,192.10
550,191.81,191.98,192.19
551,191.92,192.06,192.34
552,191.98,192.42,196.22
553,192.05,192.46,195.33
554,192.13,192.33,192.52
555,192.24,192.41,192.61
556,192.25,192.44,192.63
557,192.36,192.54,195.06
558,192.44,192.58,192.83
559,192.52,193.04,195.90
560,192.59,193.03,196.32
561,192.34,192.61,192.81
562,192.61,192.83,193.03
563,192.71,192.92,193.11
564,192.71,192.91,195.46
565,192.84,193.03,193.20
566,192.90,193.28,196.12
567,192.91,193.09,193.32
568,192.91,193.12,193.33
569,192.95,193.21,193.49
570,193.00,193.25,193.44
571,193.03,193.29,193.48
572,193.06,193.26,193.62
573,193.10,193.31,193.51
574,193.28,193.50,193.71
575,193.32,193.64,195.98
576,193.31,193.49,193.67
577,193.37,193.57,194.05
578,193.70,193.92,194.11
579,193.84,193.97,194.27
580,193.94,194.15,194.36
581,194.10,194.42,194.65
582,194.17,194.35,194.57
583,194.21,194.45,194.88
584,194.45,194.59,194.93
585,194.52,194.77,195.02
586,194.87,195.21,198.53
587,194.97,195.56,199.36
588,195.07,195.25,195.52
589,195.14,195.38,195.65
590,195.19,195.39,195.60
591,195.33,195.51,197.86
592,195.41,195.63,195.90
593,195.50,196.04,199.46
594,195.67,196.12,199.88
595,195.69,195.99,198.52
596,195.85,196.07,196.25
597,195.88,196.09,196.51
598,196.33,196.54,196.83
599,195.82,196.04,198.04
600,196.02,196.49,199.98
601,196.12,196.35,196.65
602,196.16,196.40,199.09
603,196.23,196.44,196.60
604,196.30,196.51,196.86
605,196.41,196.63,196.83
606,196.39,196.62,196.92
607,196.44,196.68,199.89
608,196.56,196.71,196.89
609,196.34,196.62,199.20
610,196.52,196.77,197.04
611,196.67,196.90,200.18
612,196.75,196.94,197.12
613,196.77,197.01,200.27
614,196.92,197.11,197.37
615,196.95,197.15,197.37
616,197.11,197.29,197.56
617,197.19,197.37,197.56
618,197.28,197.55,200.76
619,197.28,197.63,197.82
620,197.34,197.83,200.59
621,197.33,197.89,202.21
622,197.46,197.69,197.92
623,197.49,197.68,197.94
624,197.55,197.75,197.99
625,197.43,197.70,200.85
626,197.65,197.96,201.68
627,198.01,198.39,202.18
628,197.88,198.45,202.99
629,198.13,198.30,198.51
630,198.01,198.21,198.48
631,198.23,198.44,198.71
632,198.25,198.42,198.67
633,198.41,198.80,202.44
634,198.68,198.88,199.15
635,198.93,199.12,199.30
636,198.82,199.04,202.24
637,199.00,199.21,199.53
638,199.25,199.52,201.25
639,199.32,199.53,199.77
640,199.29,199.49,199.69
641,199.85,200.09,200.31
642,199.34,199.54,202.76
643,199.51,199.69,199.85
644,199.83,200.02,200.29
645,199.75,199.96,200.78
646,199.83,200.04,200.20
647,199.98,200.18,200.48
648,200.03,200.31,200.52
649,200.24,200.47,203.03
650,200.22,200.41,200.62
651,200.22,200.47,200.77
652,200.40,200.60,200.84
653,200.49,200.96,205.24
654,200.70,201.26,205.53
655,200.72,200.94,201.18
656,200.84,201.09,204.70
657,200.80,201.00,201.19
658,201.04,201.30,204.64
659,201.25,201.39,201.59
660,201.32,201.84,205.24
661,201.57,202.07,207.15
662,201.48,201.76,205.13
663,201.61,201.82,202.02
664,201.98,202.22,203.82
665,202.03,202.23,202.39
666,202.12,202.54,206.16
667,202.04,202.28,202.92
668,202.27,202.46,202.65
669,202.26,202.51,205.72
670,202.42,202.58,202.75
671,202.50,202.68,202.86
672,202.65,202.78,202.92
673,202.34,202.56,202.77
674,202.80,203.01,203.20
675,202.84,203.06,203.36
676,203.02,203.27,203.52
677,203.07,203.31,203.58
678,203.09,203.29,204.05
679,203.29,203.45,203.62
680,203.45,203.63,206.35
681,203.36,203.60,203.80
682,203.51,203.74,203.97
683,203.67,203.85,204.01
684,203.67,203.90,206.93
685,203.72,203.93,204.20
686,203.84,204.27,208.03
687,203.79,204.33,208.58
688,203.90,204.19,207.34
689,203.97,204.19,204.39
690,204.03,204.28,204.54
691,204.16,204.36,204.72
692,204.20,204.67,208.35
693,204.59,205.06,209.35
694,204.56,204.79,205.13
695,204.57,204.84,208.37
696,204.65,204.83,205.08
697,204.67,204.92,208.22
698,204.93,205.10,205.32
699,204.84,205.33,209.14
700,205.02,205.27,205.54
701,205.17,205.42,207.78
702,205.17,205.32,205.50
703,205.16,205.41,205.65
704,205.28,205.50,205.83
705,205.13,205.39,205.56
706,205.44,205.70,208.59
707,205.51,205.69,205.93
708,205.56,205.82,209.38
709,205.76,205.92,206.14
710,205.83,206.02,206.77
711,205.72,205.94,206.38
712,205.94,206.12,206.54
713,206.09,206.28,206.67
714,206.06,206.26,206.42
715,206.13,206.34,206.69
716,206.10,206.30,206.61
717,206.19,206.43,206.72
718,206.37,206.83,210.97
719,206.69,207.18,212.07
720,206.62,206.82,207.03
721,206.62,206.89,209.73
722,206.80,206.99,207.21
723,206.77,207.01,210.66
724,207.01,207.32,211.52
725,207.25,207.61,211.01
726,206.94,207.36,212.75
727,207.18,207.36,207.60
728,207.31,207.55,207.71
729,207.22,207.52,210.91
730,207.47,207.66,207.84
731,207.43,207.98,212.18
732,207.56,207.77,208.00
733,207.74,207.94,209.00
734,207.78,208.02,208.22
735,207.87,208.03,208.22
736,208.05,208.20,208.49
737,207.88,208.03,208.26
738,208.11,208.38,212.24
739,208.29,208.42,208.55
740,208.28,208.52,212.40
741,208.31,208.52,208.74
742,208.51,208.78,212.31
743,208.51,208.73,208.91
744,208.57,208.77,210.97
745,208.73,208.96,209.13
746,208.78,209.03,212.91
747,208.85,209.05,209.23
748,209.17,209.35,209.70
749,209.18,209.37,209.53
750,209.15,209.69,213.67
751,209.28,209.96,215.73
752,209.42,209.67,213.42
753,209.40,209.60,209.98
754,209.61,209.85,213.64
755,209.67,209.90,210.23
756,209.69,210.21,214.96
757,209.94,210.50,216.20
758,209.95,210.19,210.38
759,210.05,210.27,210.60
760,210.04,210.29,210.52
761,210.22,210.51,214.38
762,210.36,210.54,210.92
763,210.43,210.89,214.47
764,210.60,210.80,210.98
765,210.68,210.95,213.80
766,210.77,210.94,211.33
767,210.87,211.08,211.48
768,210.89,211.13,211.36
769,210.91,211.15,214.18
770,211.03,211.26,211.51
771,211.07,211.33,213.91
772,211.21,211.40,211.59
773,211.35,211.59,215.36
774,211.35,211.56,212.37
775,211.40,211.65,215.87
776,211.32,211.59,211.78
777,211.38,211.57,211.80
778,211.53,211.80,215.78
779,211.58,211.80,211.99
780,211.61,211.80,212.08
781,211.67,211.93,215.63
782,211.79,212.43,217.82
783,211.87,212.09,212.39
784,211.95,212.15,212.38
785,211.85,212.03,212.27
786,212.01,212.26,216.52
787,211.94,212.23,216.47
788,212.08,212.95,217.98
789,212.27,212.83,219.02
790,212.31,212.52,212.84
791,212.36,212.55,212.85
792,212.39,212.59,216.71
793,212.34,212.59,212.87
794,212.50,213.00,218.86
795,212.43,212.74,212.94
796,212.59,212.84,217.22
797,212.68,212.84,212.98
798,212.70,212.99,217.66
799,212.77,213.01,213.31
800,212.84,213.12,217.65
