NOP-count, AverageCyclesPerExecution
0, 13.712618
1, 13.716384
2, 13.710823
3, 13.714790
4, 13.712967
5, 13.711946
6, 13.711674
7, 13.716098
8, 13.719157
9, 13.713770
10, 13.716055
11, 13.718053
12, 13.717760
13, 13.720104
14, 13.715787
15, 13.716662
16, 13.718875
17, 13.719059
18, 13.717882
19, 13.717564
20, 13.716832
21, 13.718692
22, 13.720832
23, 13.722565
24, 13.720644
25, 13.722035
26, 13.728089
27, 13.730097
28, 13.733662
29, 13.733441
30, 13.735034
31, 13.740622
32, 13.744671
33, 549744.965070
34, 13.752433
35, 13.755015
36, 13.759863
37, 13.764276
38, 1099504.268058
39, 13.770150
40, 13.774039
41, 13.781243
42, 13.780504
43, 13.783475
44, 13.786920
45, 13.789225
46, 13.793251
47, 13.794832
48, 13.797095
49, 13.796562
50, 13.798778
51, 13.801882
52, 13.805288
53, 13.804236
54, 13.808496
55, 13.811319
56, 13.814649
57, 13.816573
58, 13.818007
59, 13.818581
60, 13.821246
61, 13.823188
62, 13.823961
63, 13.824651
64, 13.827260
65, 13.831600
66, 13.832210
67, 13.835854
68, 13.837240
69, 13.839131
70, 549742.028049
71, 13.842509
72, 13.847023
73, 13.849188
74, 13.850916
75, 13.847052
76, 13.852911
77, 13.853925
78, 13.854208
79, 13.856127
80, 13.856658
81, 13.860038
82, 13.863931
83, 13.863459
84, 13.866591
85, 13.868917
86, 13.871052
87, 13.872986
88, 549751.352498
89, 13.873762
90, 13.877173
91, 13.876651
92, 13.879002
93, 13.878760
94, 13.879156
95, 13.880466
96, 13.881034
97, 13.881257
98, 13.880790
99, 13.880445
100, 13.881058
101, 13.883721
102, 13.883369
103, 13.884043
104, 13.884030
105, 13.884486
106, 13.879908
107, 13.889670
108, 13.886292
109, 13.887461
110, 13.891065
111, 13.893111
112, 13.891905
113, 13.893418
114, 13.894793
115, 549743.141699
116, 13.894350
117, 13.892777
118, 13.896586
119, 13.896439
120, 1099503.356849
121, 13.898480
122, 13.898044
123, 13.903807
124, 13.900891
125, 13.901874
126, 13.904424
127, 13.904596
128, 13.907887
129, 13.910769
130, 13.903785
131, 13.908712
132, 13.910469
133, 13.914570
134, 13.918104
135, 13.920632
136, 13.917991
137, 13.918885
138, 13.926179
139, 13.917417
140, 13.936227
141, 13.927511
142, 13.924280
143, 13.933950
144, 13.957936
145, 13.957674
146, 13.978659
147, 1099497.826186
148, 14.047865
149, 13.972416
150, 14.064800
151, 14.112833
152, 549744.368317
153, 14.089741
154, 14.122922
155, 14.144422
156, 14.091194
157, 14.141475
158, 14.116114
159, 14.129556
160, 14.161996
161, 14.130225
162, 14.126053
163, 14.135144
164, 14.149832
165, 14.154854
166, 14.153567
167, 14.194196
168, 14.203671
169, 14.190354
170, 14.264220
171, 14.247794
172, 14.280004
173, 14.274474
174, 1099504.984288
175, 14.310319
176, 14.285447
177, 14.322816
178, 14.335977
179, 14.300461
180, 14.304364
181, 14.320129
182, 14.368623
183, 14.356225
184, 14.338562
185, 14.389913
186, 14.370041
187, 14.388310
188, 14.385764
189, 14.379193
190, 14.397588
191, 14.420005
192, 14.385363
193, 14.391367
194, 14.397736
195, 14.436542
196, 14.422817
197, 14.427892
198, 14.479112
199, 14.471541
200, 549741.419261
201, 14.519114
202, 14.509158
203, 14.755273
204, 14.950243
205, 15.001741
206, 14.941905
207, 15.191367
208, 15.189251
209, 15.191514
210, 15.193670
211, 15.206858
212, 15.205387
213, 15.205169
214, 15.459702
215, 15.480060
216, 15.450521
217, 15.465621
218, 15.465809
219, 15.711288
220, 15.922536
221, 549753.527936
222, 15.931150
223, 16.151782
224, 16.155859
225, 1099502.005621
226, 16.157934
227, 16.197045
228, 16.191677
229, 549739.900523
230, 16.402220
231, 16.414233
232, 16.482156
233, 16.438664
234, 16.437288
235, 16.701593
236, 16.906495
237, 16.903797
238, 16.900511
239, 17.141323
240, 17.185033
241, 17.164944
242, 17.152523
243, 17.281503
244, 549751.467821
245, 17.148860
246, 17.419180
247, 17.421613
248, 549771.178511
249, 17.571749
250, 17.404024
251, 17.627482
252, 17.846690
253, 17.890492
254, 17.900471
255, 18.092253
256, 18.184055
257, 18.142358
258, 18.140424
259, 18.169090
260, 18.120168
261, 18.128244
262, 18.357691
263, 18.368694
264, 18.367943
265, 18.426113
266, 18.416118
267, 18.667908
268, 18.866217
269, 1099504.183596
270, 18.894329
271, 19.118333
272, 19.086601
273, 19.189882
274, 19.102837
275, 19.145398
276, 19.111678
277, 19.165968
278, 19.379998
279, 19.403801
280, 19.452117
281, 19.393481
282, 19.403210
283, 19.636462
284, 19.891346
285, 19.886377
286, 19.867688
287, 20.175937
288, 20.132999
289, 549774.320194
290, 20.166745
291, 20.144090
292, 549735.724718
293, 20.182516
294, 20.423606
295, 20.422361
296, 20.420014
297, 20.405876
298, 20.442146
299, 20.626043
300, 21.000250
301, 20.806615
302, 20.815530
303, 21.021004
304, 21.065879
305, 21.034352
306, 21.124180
307, 21.096199
308, 21.053448
309, 21.100405
310, 21.332083
311, 21.303347
312, 21.343715
313, 21.308066
314, 21.323615
315, 21.557107
316, 21.814178
317, 21.864516
318, 21.826630
319, 22.032176
320, 22.037252
321, 22.067973
322, 22.092240
323, 22.060717
324, 22.080876
325, 22.066704
326, 22.382517
327, 22.323826
328, 22.373338
329, 22.330852
330, 22.358241
331, 22.643054
332, 22.828682
333, 22.813555
334, 22.831492
335, 23.116111
336, 23.113078
337, 23.088634
338, 23.087287
339, 23.130522
340, 23.117309
341, 23.107193
342, 23.362655
343, 23.463191
344, 23.524150
345, 23.414408
346, 23.395489
347, 23.623163
348, 23.950944
349, 23.947211
350, 23.867694
351, 24.076987
352, 24.228119
353, 24.135140
354, 24.095378
355, 24.122262
356, 549743.824784
357, 24.144440
358, 24.343573
359, 549775.090447
360, 24.430457
361, 24.491925
362, 24.494667
363, 24.611864
364, 24.930453
365, 24.828648
366, 25.016586
367, 25.075493
368, 25.237630
369, 25.087485
370, 25.146315
371, 25.250082
372, 549754.243933
373, 25.142044
374, 25.359495
375, 25.874329
376, 25.658379
377, 549730.503247
378, 25.526087
379, 25.653792
380, 25.890469
381, 25.875507
382, 25.889891
383, 26.107168
384, 26.352869
385, 26.230000
386, 26.141456
387, 549743.591197
388, 26.126702
389, 26.111489
390, 26.359639
391, 26.400645
392, 549729.435123
393, 26.344523
394, 26.499976
395, 26.622321
396, 26.940413
397, 26.857192
398, 26.830768
399, 27.210103
400, 27.087170
401, 27.202620
402, 27.105524
403, 27.118934
404, 549728.711620
405, 27.250602
406, 27.392882
407, 27.284486
408, 27.338878
409, 1099484.527826
410, 27.397704
411, 27.627837
412, 27.765845
413, 27.944689
414, 27.829691
415, 28.010805
416, 28.060203
417, 28.016950
418, 28.048622
419, 28.037258
420, 28.096550
421, 28.023724
422, 28.427988
423, 28.284738
424, 28.285911
425, 28.327244
426, 28.358933
427, 28.543070
428, 28.908817
429, 29.102905
430, 28.820047
431, 1099482.855324
432, 28.987620
433, 29.160937
434, 29.070345
435, 29.051380
436, 29.109341
437, 29.032418
438, 29.494715
439, 29.300562
440, 29.313746
441, 29.330765
442, 29.320311
443, 29.515347
444, 29.904037
445, 29.819207
446, 29.761796
447, 30.001822
448, 30.087832
449, 30.095053
450, 30.016576
451, 30.031412
452, 30.137958
453, 30.036879
454, 30.305710
455, 30.331489
456, 30.340849
457, 1099532.051037
458, 30.310906
459, 30.493896
460, 30.742633
461, 1099480.918282
462, 30.782042
463, 30.981537
464, 31.021241
465, 30.991915
466, 31.064273
467, 31.128668
468, 30.995727
469, 31.006973
470, 31.517938
471, 31.239265
472, 31.251886
473, 31.318521
474, 31.278465
475, 31.583682
476, 31.844935
477, 1099487.096756
478, 31.778614
479, 31.984561
480, 31.971956
481, 1099479.881229
482, 32.014309
483, 32.098085
484, 31.982164
485, 31.987765
486, 32.277476
487, 32.214335
488, 32.271701
489, 32.238978
490, 32.266520
491, 32.529170
492, 32.774454
493, 32.813402
494, 32.781804
495, 33.015087
496, 33.072270
497, 32.974895
498, 32.988598
499, 33.105617
500, 33.114465
501, 32.967917
502, 33.284040
503, 33.223315
504, 33.267282
505, 1099540.972839
506, 33.259482
507, 33.509534
508, 33.763337
509, 33.827351
510, 33.779181
511, 33.983129
512, 34.069116
513, 33.983587
514, 33.977946
515, 33.971091
516, 34.059907
517, 33.969620
518, 34.236883
519, 34.274525
520, 34.260500
521, 34.217698
522, 34.265996
523, 34.478286
524, 34.703838
525, 34.710837
526, 34.770441
527, 1099476.921789
528, 34.963112
529, 35.067351
530, 35.158517
531, 1099476.911568
532, 34.972647
533, 34.968440
534, 35.218107
535, 35.206074
536, 35.261599
537, 35.288186
538, 35.218236
539, 35.470282
540, 35.703492
541, 35.849416
542, 35.853029
543, 1099492.103538
544, 35.957376
545, 35.971119
546, 36.009431
547, 1099541.997207
548, 35.956689
549, 35.956488
550, 36.236416
551, 36.224273
552, 36.271738
553, 36.226613
554, 36.234569
555, 36.510760
556, 36.835974
557, 36.785058
558, 36.888364
559, 36.975594
560, 36.994336
561, 36.971142
562, 37.018225
563, 37.062381
564, 1099476.162971
565, 37.056940
566, 37.280843
567, 37.319798
568, 2199012.453186
569, 37.333202
570, 37.431140
571, 37.582078
572, 37.795865
573, 37.800475
574, 37.943526
575, 38.036752
576, 38.074892
577, 38.054755
578, 38.073159
579, 38.073503
580, 38.173501
581, 38.062905
582, 38.484600
583, 38.313832
584, 38.320916
585, 38.301884
586, 38.418329
587, 38.557711
588, 1099476.421135
589, 38.789371
590, 38.849224
591, 39.053552
592, 39.125965
593, 39.045310
594, 39.084225
595, 39.069009
596, 39.162547
597, 39.057438
598, 39.325050
599, 39.300867
600, 39.305742
601, 39.323353
602, 39.304079
603, 39.667480
604, 39.920860
605, 39.788828
606, 39.834038
607, 40.036587
608, 1099542.178291
609, 39.994068
610, 40.208579
611, 1099471.882600
612, 40.043915
613, 40.043149
614, 40.336248
615, 40.290196
616, 40.273313
617, 40.296890
618, 40.316097
619, 40.513184
620, 40.793339
621, 40.921853
622, 40.810614
623, 41.172463
624, 40.988590
625, 41.130740
626, 41.046282
627, 1099491.885470
628, 41.160683
629, 41.027125
630, 1099470.639324
631, 41.304939
632, 41.318806
633, 41.402169
634, 41.290424
635, 41.533933
636, 41.784524
637, 41.797829
638, 41.800567
639, 42.041011
640, 42.041152
641, 42.158619
642, 42.043992
643, 42.043046
644, 42.044990
645, 42.053923
646, 42.314338
647, 42.298506
648, 42.418611
649, 1099494.239313
650, 42.324261
651, 42.527914
652, 42.827517
653, 42.943494
654, 42.800870
655, 43.029922
656, 43.056302
657, 43.041848
658, 43.024312
659, 43.042465
660, 43.063440
661, 43.054699
662, 43.334612
663, 43.290736
664, 1099552.085388
665, 43.404235
666, 43.301402
667, 1099486.915822
668, 43.777994
669, 43.857027
670, 43.921124
671, 44.027678
672, 44.177370
673, 44.031482
674, 44.052627
675, 44.041537
676, 44.063572
677, 44.031770
678, 44.295502
679, 44.280319
680, 44.294294
681, 44.251233
682, 44.201529
683, 44.531469
684, 44.860929
685, 44.687124
686, 44.753879
687, 44.923329
688, 44.929886
689, 44.919614
690, 44.966931
691, 44.974142
692, 44.935024
693, 44.921721
694, 45.290345
695, 45.174170
696, 1099509.042682
697, 45.240456
698, 45.210572
699, 1099548.160713
700, 45.674269
701, 45.878399
702, 1099467.860322
703, 45.942689
704, 45.913134
705, 45.987063
706, 45.934571
707, 45.977307
708, 45.935289
709, 45.969291
710, 46.200208
711, 46.221374
712, 46.161161
713, 1099507.053343
714, 46.277211
715, 46.428236
716, 1099554.095956
717, 46.812987
718, 46.665908
719, 46.914612
720, 46.959426
721, 47.033204
722, 46.979779
723, 47.028050
724, 47.131024
725, 47.002928
726, 47.303062
727, 47.186624
728, 47.164010
729, 47.336658
730, 47.264676
731, 47.509700
732, 47.661070
733, 47.839272
734, 47.703740
735, 1099463.949132
736, 48.049596
737, 48.004157
738, 47.958543
739, 48.004676
740, 47.980175
741, 48.104484
742, 48.314874
743, 48.227343
744, 48.203833
745, 48.217114
746, 1099512.831080
747, 48.476302
748, 48.668312
749, 48.713188
750, 48.653910
751, 49.047697
752, 48.898966
753, 49.001543
754, 48.978895
755, 49.104668
756, 48.978799
757, 48.895441
758, 49.222526
759, 49.236902
760, 49.204634
761, 49.405629
762, 1099513.624235
763, 49.450691
764, 49.630063
765, 49.634640
766, 49.709876
767, 49.896321
768, 50.043433
769, 49.954900
770, 49.906853
771, 49.902854
772, 49.940262
773, 49.893533
774, 50.352669
775, 50.226091
776, 50.229241
777, 50.244911
778, 50.347292
779, 50.484401
780, 1099464.733883
781, 50.707763
782, 50.739463
783, 1099470.498159
784, 50.979187
785, 50.935958
786, 51.147633
787, 50.968226
788, 50.982327
789, 50.977687
790, 51.201998
791, 51.222580
792, 51.227752
793, 1099502.410002
794, 51.340827
795, 51.519098
796, 51.722960
797, 51.721823
798, 1099460.310754
799, 51.964364
800, 52.085578
801, 51.924045
802, 51.982150
803, 51.978319
804, 51.956092
805, 51.960559
806, 52.208598
807, 52.319954
808, 1099488.251837
809, 52.238912
810, 52.213999
811, 52.474251
812, 52.744626
813, 1099459.316666
814, 52.740725
815, 53.003360
816, 53.082678
817, 53.088139
818, 52.977810
819, 52.962009
820, 53.091235
821, 53.066159
822, 53.211742
823, 1099502.358824
824, 53.217395
825, 53.219780
826, 53.193856
827, 53.463595
828, 1099458.303029
829, 53.756463
830, 53.711037
831, 53.914875
832, 53.951261
833, 53.919757
834, 53.973674
835, 53.950542
836, 53.991489
837, 54.144473
838, 54.220024
839, 54.209776
840, 1099479.095334
841, 54.197001
842, 54.311733
843, 54.456531
844, 54.693703
845, 54.686753
846, 54.704277
847, 54.956682
848, 54.950030
849, 54.908849
850, 54.965767
851, 54.928471
852, 54.943310
853, 55.061012
854, 55.213680
855, 55.164026
856, 55.291955
857, 55.202805
858, 55.318569
859, 55.437744
860, 2199015.925818
861, 55.691527
862, 55.861662
863, 55.941507
864, 55.941019
865, 55.943059
866, 55.957573
867, 56.062924
868, 55.955050
869, 55.909886
870, 56.248212
871, 56.210955
872, 56.148748
873, 56.140968
874, 56.224349
875, 56.480272
876, 56.711302
877, 56.705735
878, 56.692591
879, 57.015390
880, 56.937413
881, 56.895657
882, 56.993899
883, 56.923634
884, 56.970969
885, 56.876931
886, 57.244721
887, 2199021.955121
888, 57.097967
889, 57.189556
890, 57.263834
891, 57.367782
892, 57.689125
893, 57.739297
894, 57.752785
895, 57.986659
896, 2198966.170315
897, 58.129359
898, 57.912545
899, 58.008688
900, 57.873357
901, 58.124785
902, 58.253372
903, 58.190186
904, 58.202381
905, 58.138298
906, 58.237925
907, 58.513114
908, 58.725484
909, 58.976794
910, 58.744700
911, 59.000232
912, 58.857966
913, 2199003.164879
914, 58.904803
915, 59.115087
916, 58.989779
917, 58.985313
918, 59.253673
919, 59.188752
920, 59.104623
921, 59.161699
922, 2198976.385732
923, 59.365110
924, 59.588909
925, 59.773077
926, 59.636119
927, 59.823676
928, 59.937564
929, 59.834543
930, 59.928649
931, 59.912655
932, 59.901792
933, 60.177414
934, 60.297319
935, 60.255694
936, 60.274258
937, 60.159439
938, 60.230005
939, 60.420143
940, 60.777595
941, 61.048160
942, 60.673734
943, 4398029.035201
944, 60.902215
945, 60.888314
946, 60.920240
947, 2198963.033444
948, 60.904825
949, 61.023458
950, 61.424550
951, 61.149310
952, 61.263576
953, 61.294129
954, 61.140493
955, 61.404608
956, 61.637033
957, 61.795083
958, 61.659907
959, 62.057384
960, 62.050125
961, 61.928519
962, 61.921873
963, 61.914998
964, 61.959350
965, 61.922161
966, 62.157604
967, 62.270316
968, 62.179943
969, 62.266680
970, 62.373439
971, 62.431246
972, 2198979.262780
973, 62.942375
974, 62.699663
975, 62.927507
976, 63.182899
977, 62.904283
978, 62.898153
979, 63.152127
980, 62.884461
981, 62.913055
982, 63.650421
983, 63.150409
984, 63.167669
985, 63.270186
986, 63.153004
987, 63.384257
988, 63.630698
989, 64.060716
990, 63.646163
991, 64.002409
992, 2199005.399453
993, 63.909767
994, 63.901663
995, 64.008558
996, 2198960.065864
997, 63.888049
998, 64.183560
999, 64.271635
1000, 64.139121
1001, 64.168641
1002, 64.264071
1003, 64.388743
1004, 64.765978
1005, 64.637388
1006, 64.756700
1007, 64.875405
1008, 64.828424
1009, 65.003337
1010, 64.895709
1011, 65.169405
1012, 64.893276
1013, 64.876675
1014, 65.193660
1015, 65.248148
1016, 65.127478
1017, 65.454938
1018, 65.125601
1019, 65.399498
1020, 65.643047
1021, 65.627246
1022, 65.634969
1023, 65.880515
1024, 65.887749
1025, 66.020553
1026, 65.891495
1027, 65.902866
1028, 65.891963
1029, 65.883417
1030, 66.157441
1031, 66.130585
1032, 66.133552
1033, 66.123679
1034, 66.251965
1035, 66.375831
1036, 66.606869
1037, 66.627149
1038, 66.637399
1039, 2199077.319495
1040, 67.164015
1041, 66.983540
1042, 67.201197
1043, 67.012816
1044, 66.998904
1045, 67.002537
1046, 67.152712
1047, 67.247623
1048, 67.245079
1049, 67.142538
1050, 67.255992
1051, 67.507753
1052, 67.739434
1053, 67.640249
1054, 67.913021
1055, 67.895606
1056, 67.915898
1057, 67.986875
1058, 67.882322
1059, 67.879535
1060, 67.991586
1061, 67.888295
1062, 68.250243
1063, 68.142860
1064, 68.237011
1065, 68.140129
1066, 68.232004
1067, 68.363619
1068, 68.614622
1069, 68.731824
1070, 68.655145
1071, 68.871984
1072, 68.912964
1073, 68.852779
1074, 69.182379
1075, 68.830703
1076, 69.143284
1077, 68.995358
1078, 69.244851
1079, 69.219688
1080, 2198999.102011
1081, 69.087111
1082, 69.378257
1083, 69.489783
1084, 2199077.463143
1085, 69.662582
1086, 69.737949
1087, 69.960363
1088, 69.995058
1089, 69.985495
1090, 70.180108
1091, 69.971600
1092, 69.811434
1093, 70.128848
1094, 70.295463
1095, 70.152824
1096, 70.237274
1097, 70.118447
1098, 70.269934
1099, 70.386412
1100, 70.727847
1101, 70.727340
1102, 2199006.087718
1103, 70.954003
1104, 70.974582
1105, 71.106358
1106, 70.869463
1107, 70.974869
1108, 70.858754
1109, 71.097917
1110, 71.282816
1111, 71.061667
1112, 71.348618
1113, 71.100113
1114, 71.077344
1115, 71.492215
1116, 71.732908
1117, 71.714128
1118, 71.883860
1119, 71.864566
1120, 71.976869
1121, 71.835370
1122, 72.029600
1123, 71.943244
1124, 71.968381
1125, 71.864579
1126, 72.287143
1127, 2198957.589549
1128, 72.194407
1129, 72.076209
1130, 72.231932
1131, 2198970.507799
1132, 72.723183
1133, 72.683733
1134, 72.582937
1135, 72.834250
1136, 72.980058
1137, 72.854144
1138, 72.997353
1139, 72.818667
1140, 72.819800
1141, 72.851405
1142, 73.403426
1143, 73.203794
1144, 73.107237
1145, 73.350994
1146, 73.191585
1147, 73.297073
1148, 73.582192
1149, 73.607418
1150, 73.591981
1151, 73.941248
1152, 2198950.599779
1153, 73.951758
1154, 73.858141
1155, 73.986706
1156, 73.961505
1157, 73.819607
1158, 74.118670
1159, 74.215741
1160, 74.063495
1161, 74.209317
1162, 74.222269
1163, 74.458840
1164, 74.853769
1165, 74.571271
1166, 74.884335
1167, 74.926148
1168, 74.849498
1169, 2198949.567449
1170, 74.962989
1171, 75.087360
1172, 74.839634
1173, 2198989.055397
1174, 75.135543
1175, 75.198209
1176, 75.079411
1177, 75.193068
1178, 75.101937
1179, 75.448010
1180, 75.722152
1181, 75.815842
1182, 75.703002
1183, 75.784108
1184, 75.960497
1185, 76.089420
1186, 2198959.286254
1187, 75.947866
1188, 75.879812
1189, 75.826097
1190, 2199088.825723
1191, 76.174009
1192, 76.221736
1193, 76.100496
1194, 76.135351
1195, 76.321169
1196, 76.683497
1197, 76.660152
1198, 76.720122
1199, 76.925737
1200, 76.801590
1201, 76.854402
1202, 76.945274
1203, 76.996612
1204, 76.911554
1205, 76.815447
1206, 77.282795
1207, 77.175088
1208, 77.105379
1209, 77.239546
1210, 4398019.307116
1211, 77.304183
1212, 77.545410
1213, 77.664991
1214, 77.571304
1215, 77.957021
1216, 77.823457
1217, 77.931177
1218, 77.840371
1219, 78.079827
1220, 77.871719
1221, 77.787931
1222, 78.202712
1223, 78.188163
1224, 78.056803
1225, 78.172057
1226, 78.401508
1227, 78.580084
1228, 78.697593
1229, 78.607840
1230, 2199097.921052
1231, 78.948628
1232, 78.920153
1233, 2198945.685490
1234, 78.823684
1235, 78.965897
1236, 78.821754
1237, 78.924506
1238, 79.242305
1239, 79.053557
1240, 79.171856
1241, 79.091168
1242, 79.077144
1243, 79.306224
1244, 79.531760
1245, 79.869449
1246, 2198998.401169
1247, 80.081104
1248, 79.936581
1249, 79.951700
1250, 79.748070
1251, 79.734845
1252, 79.778684
1253, 79.751011
1254, 79.996416
1255, 79.982477
1256, 79.958816
1257, 79.986055
1258, 79.959716
1259, 80.275834
1260, 80.439493
1261, 80.651481
1262, 80.465284
1263, 80.690077
1264, 80.719704
1265, 78.313398
1266, 80.709986
1267, 80.871787
1268, 80.789293
1269, 80.776501
1270, 81.103547
1271, 80.954577
1272, 2198971.169393
1273, 81.329204
1274, 80.966563
1275, 81.206169
1276, 81.530773
1277, 81.553342
1278, 81.497069
1279, 81.688537
1280, 81.693094
1281, 81.824205
1282, 81.725836
1283, 81.773196
1284, 81.710088
1285, 81.706155
1286, 82.098817
1287, 81.939065
1288, 81.943886
1289, 81.943730
1290, 82.047532
1291, 2198969.060356
1292, 82.540207
1293, 82.456195
1294, 82.551196
1295, 82.800733
1296, 82.787438
1297, 82.950859
1298, 82.951478
1299, 82.809237
1300, 82.791329
1301, 82.804597
1302, 83.206587
1303, 2198956.479776
1304, 83.048607
1305, 83.046936
1306, 83.071079
1307, 83.289432
1308, 83.570810
1309, 83.520721
1310, 83.720449
1311, 83.833262
1312, 83.922509
1313, 83.799877
1314, 83.725966
1315, 83.705175
1316, 83.708763
1317, 83.703873
1318, 83.972175
1319, 83.963276
1320, 83.957775
1321, 83.947507
1322, 83.965275
1323, 84.222519
1324, 84.462009
1325, 4398002.000985
1326, 84.459952
1327, 84.710633
1328, 2198939.738630
1329, 84.712903
1330, 84.700092
1331, 84.703607
1332, 84.705518
1333, 84.693669
1334, 84.951971
1335, 84.944799
1336, 84.939418
1337, 84.947320
1338, 84.946528
1339, 85.194342
1340, 2198965.437741
1341, 85.445032
1342, 85.457307
1343, 2198938.841638
1344, 85.688539
1345, 85.705627
1346, 85.842976
1347, 85.708360
1348, 85.707732
1349, 85.709799
1350, 85.963025
1351, 85.964610
1352, 85.951148
1353, 85.962801
1354, 85.960886
1355, 86.194875
1356, 86.464222
1357, 86.556155
1358, 2198942.022835
1359, 86.705043
1360, 86.723942
1361, 86.698099
1362, 86.725453
1363, 86.691304
1364, 86.706917
1365, 86.664853
1366, 86.967754
1367, 86.938439
1368, 86.909730
1369, 86.974476
1370, 86.941844
1371, 87.156852
1372, 87.451273
1373, 87.418197
1374, 87.446990
1375, 87.658123
1376, 2198955.027153
1377, 87.695629
1378, 87.841405
1379, 2198936.903389
1380, 87.681078
1381, 87.697413
1382, 87.957895
1383, 87.912256
1384, 87.923547
1385, 87.959988
1386, 87.965166
1387, 88.252719
1388, 88.436558
1389, 88.495009
1390, 88.516540
1391, 88.862967
1392, 88.853139
1393, 88.721721
1394, 2199002.573322
1395, 88.899598
1396, 88.819640
1397, 4398000.870786
1398, 89.083191
1399, 88.952374
1400, 2198935.491548
1401, 89.071847
1402, 89.038831
1403, 89.206307
1404, 89.449916
1405, 89.480613
1406, 89.482505
1407, 89.735910
1408, 89.720892
1409, 89.722393
1410, 89.728983
1411, 89.703282
1412, 89.737255
1413, 89.736125
1414, 89.975970
1415, 89.984641
1416, 89.997045
1417, 89.985573
1418, 89.954069
1419, 90.210309
1420, 90.485411
1421, 90.493791
1422, 90.457021
1423, 90.843609
1424, 90.697434
1425, 90.724234
1426, 90.718493
1427, 90.677683
1428, 90.768015
1429, 90.749918
1430, 91.018304
1431, 90.957386
1432, 90.978921
1433, 90.919910
1434, 90.974667
1435, 91.324948
1436, 91.546235
1437, 91.523479
1438, 91.451951
1439, 91.842249
1440, 91.705459
1441, 91.713516
1442, 91.691589
1443, 91.709373
1444, 91.727844
1445, 91.765314
1446, 91.957241
1447, 91.929507
1448, 91.938683
1449, 2199108.355543
1450, 91.988497
1451, 92.182354
1452, 92.494983
1453, 92.480182
1454, 92.552393
1455, 92.746824
1456, 92.744280
1457, 92.697788
1458, 92.752582
1459, 92.801161
1460, 92.841016
1461, 92.792920
1462, 93.007852
1463, 92.987058
1464, 93.001577
1465, 93.052025
1466, 92.996969
1467, 93.157080
1468, 93.412928
1469, 93.512580
1470, 93.416625
1471, 93.740009
1472, 93.737964
1473, 93.665434
1474, 93.750772
1475, 93.712139
1476, 93.738335
1477, 93.761360
1478, 93.959681
1479, 93.967381
1480, 94.055161
1481, 94.051543
1482, 2198930.702714
1483, 94.183357
1484, 94.476713
1485, 2198930.015681
1486, 94.444379
1487, 94.716644
1488, 94.691755
1489, 94.694617
1490, 94.689810
1491, 94.728152
1492, 94.672119
1493, 94.786275
1494, 95.120171
1495, 94.932238
1496, 2198991.242182
1497, 95.068746
1498, 94.928712
1499, 2199100.969728
1500, 95.438060
1501, 95.632173
1502, 95.457494
1503, 95.665963
1504, 95.799383
1505, 95.647338
1506, 95.693417
1507, 95.686793
1508, 95.762307
1509, 95.699086
1510, 95.975441
1511, 95.953941
1512, 95.887425
1513, 95.981732
1514, 96.000653
1515, 2198937.554297
1516, 96.450834
1517, 96.409335
1518, 2198928.340764
1519, 96.682512
1520, 96.691061
1521, 96.734117
1522, 96.719185
1523, 96.892632
1524, 96.629526
1525, 96.623713
1526, 96.950600
1527, 96.978704
1528, 96.886351
1529, 97.218094
1530, 96.894207
1531, 97.212833
1532, 97.475629
1533, 97.414122
1534, 2198927.285801
1535, 97.714231
1536, 97.644816
1537, 97.797707
1538, 97.756370
1539, 97.722489
1540, 97.741024
1541, 97.659494
1542, 97.911743
1543, 97.987666
1544, 98.100179
1545, 97.972848
1546, 97.998609
1547, 98.241931
1548, 98.472281
1549, 98.610008
1550, 2198926.259902
1551, 98.636530
1552, 98.696569
1553, 98.632310
1554, 98.696876
1555, 98.610084
1556, 98.706328
1557, 98.683683
1558, 98.877942
1559, 98.925759
1560, 98.862011
1561, 98.874724
1562, 98.965202
1563, 2198925.588684
1564, 99.445634
1565, 99.414990
1566, 2198925.399295
1567, 99.692082
1568, 99.654875
1569, 99.841330
1570, 99.671820
1571, 99.635878
1572, 99.729174
1573, 99.819259
1574, 99.886339
1575, 100.074833
1576, 99.201800
1577, 99.960387
1578, 99.892804
1579, 2198965.325011
1580, 100.350370
1581, 100.427671
1582, 100.492074
1583, 100.620796
1584, 100.603331
1585, 100.722255
1586, 100.612894
1587, 100.688213
1588, 100.595067
1589, 100.669266
1590, 100.859897
1591, 100.844519
1592, 2198999.656307
1593, 100.857884
1594, 100.920328
1595, 101.098565
1596, 101.435617
1597, 101.353098
1598, 101.435739
1599, 101.616205
1600, 101.675308
1601, 101.600328
1602, 101.610979
1603, 101.784970
1604, 101.616669
1605, 101.775018
1606, 101.998670
1607, 101.889505
1608, 101.847937
1609, 101.867995
1610, 2198952.728865
1611, 102.122500
1612, 102.353199
1613, 102.431241
1614, 102.391666
1615, 102.657865
1616, 102.603745
1617, 102.604648
1618, 102.819067
1619, 102.672263
1620, 102.674092
1621, 102.584780
1622, 102.852606
1623, 102.841572
1624, 102.843907
1625, 102.915034
1626, 102.943176
1627, 103.156722
1628, 2198921.446290
1629, 103.505613
1630, 103.485367
1631, 103.594482
1632, 103.810323
1633, 103.642521
1634, 103.618066
1635, 103.678030
1636, 103.800466
1637, 103.607761
1638, 2198996.476833
1639, 103.932065
1640, 103.912692
1641, 103.946333
1642, 104.043836
1643, 2198920.737335
1644, 104.372680
1645, 104.396545
1646, 104.395709
1647, 104.608315
1648, 104.716349
1649, 104.634793
1650, 104.681014
1651, 104.598073
1652, 104.658067
1653, 2198981.145461
1654, 104.920009
1655, 104.882586
1656, 104.843136
1657, 104.946905
1658, 2198920.021391
1659, 105.174433
1660, 105.349117
1661, 105.580374
1662, 105.423798
1663, 105.621358
1664, 105.810374
1665, 105.782693
1666, 2199014.355257
1667, 105.589435
1668, 105.593140
1669, 105.681980
1670, 105.875023
1671, 2198919.025683
1672, 105.865259
1673, 105.950498
1674, 105.852566
1675, 106.088694
1676, 106.339987
1677, 106.450097
1678, 106.385899
1679, 106.695922
1680, 106.585116
1681, 106.593462
1682, 106.580227
1683, 2198918.331675
1684, 106.654991
1685, 106.568427
1686, 2198938.562958
1687, 106.819922
1688, 106.805517
1689, 106.818693
1690, 106.802104
1691, 107.166513
1692, 107.313736
1693, 107.355882
1694, 107.329670
1695, 107.590908
1696, 107.569626
1697, 107.584261
1698, 4398004.852143
1699, 107.556241
1700, 107.678099
1701, 107.666328
1702, 107.970214
1703, 107.814606
1704, 108.006088
1705, 107.841494
1706, 107.890635
1707, 108.055475
1708, 108.287435
1709, 108.491558
1710, 2198980.510207
1711, 108.553317
1712, 108.540795
1713, 108.676781
1714, 108.618092
1715, 2198916.370957
1716, 108.538885
1717, 108.550753
1718, 108.831391
1719, 108.804275
1720, 108.788966
1721, 108.856905
1722, 108.812956
1723, 109.051003
1724, 109.325603
1725, 109.363019
1726, 109.313449
1727, 109.751238
1728, 109.554750
1729, 109.693070
1730, 109.567653
1731, 109.627536
1732, 109.668749
1733, 109.625668
1734, 109.823026
1735, 109.886620
1736, 4397939.974138
1737, 109.897969
1738, 109.958187
1739, 110.189831
1740, 110.536054
1741, 110.717331
1742, 110.408030
1743, 110.640664
1744, 110.792990
1745, 110.633532
1746, 110.644677
1747, 110.720998
1748, 110.618807
1749, 110.626176
1750, 110.985516
1751, 110.887362
1752, 110.873810
1753, 110.977553
1754, 4397993.381467
1755, 111.140878
1756, 111.369108
1757, 111.696885
1758, 111.380251
1759, 4398135.443700
1760, 111.622590
1761, 111.629532
1762, 111.642917
1763, 111.632411
1764, 111.654712
1765, 111.684259
1766, 111.892744
1767, 111.907002
1768, 111.900718
1769, 111.895689
1770, 111.935953
1771, 112.027172
1772, 112.312918
1773, 112.525335
1774, 112.538065
1775, 112.635058
1776, 112.743227
1777, 112.613647
1778, 112.624862
1779, 112.843625
1780, 112.610515
1781, 4397941.654597
1782, 112.907037
1783, 112.854125
1784, 112.931543
1785, 113.243965
1786, 8796041.382547
1787, 113.103621
1788, 113.365558
1789, 113.362559
1790, 113.413216
1791, 113.621771
1792, 113.522914
1793, 113.575794
1794, 113.571636
1795, 113.566168
1796, 113.550884
1797, 113.551867
1798, 113.923273
1799, 113.811490
1800, 113.912915
1801, 113.811065
1802, 113.902776
1803, 114.051405
1804, 114.415754
1805, 114.288216
1806, 114.306550
1807, 114.500718
1808, 4397979.200246
1809, 114.551630
1810, 114.670008
1811, 114.627253
1812, 114.519014
1813, 4398136.686594
1814, 114.791957
1815, 114.769950
1816, 114.743239
1817, 114.768351
1818, 114.848153
1819, 115.016400
1820, 115.269840
1821, 115.248722
1822, 115.389309
1823, 115.505880
1824, 115.525239
1825, 115.512857
1826, 115.527436
1827, 115.507704
1828, 115.521634
1829, 115.605089
1830, 115.790420
1831, 115.782052
1832, 115.857718
1833, 115.786758
1834, 115.774107
1835, 116.040100
1836, 116.274322
1837, 116.261601
1838, 116.280539
1839, 4397945.100775
1840, 116.528189
1841, 116.546250
1842, 116.655355
1843, 116.506487
1844, 116.486405
1845, 116.513824
1846, 116.743948
1847, 116.777348
1848, 116.754177
1849, 116.764177
1850, 116.856094
1851, 116.979510
1852, 117.382341
1853, 117.334332
1854, 117.269682
1855, 117.541757
1856, 117.505733
1857, 117.509234
1858, 117.517575
1859, 117.531931
1860, 117.518331
1861, 117.520357
1862, 117.925477
1863, 117.794727
1864, 117.843274
1865, 4397932.305431
1866, 117.798197
1867, 118.028472
1868, 118.259519
1869, 118.241156
1870, 4397980.516993
1871, 118.488953
1872, 118.624131
1873, 118.520726
1874, 118.481033
1875, 118.577419
1876, 118.511777
1877, 118.465024
1878, 118.757285
1879, 118.710646
1880, 118.833229
1881, 118.747586
1882, 118.740691
1883, 119.092698
1884, 119.313899
1885, 119.344140
1886, 119.392399
1887, 119.614619
1888, 119.470664
1889, 119.514683
1890, 119.646272
1891, 8795988.390659
1892, 119.502758
1893, 119.594380
1894, 119.784930
1895, 119.771945
1896, 119.782866
1897, 119.745352
1898, 119.886836
1899, 120.042761
1900, 120.295558
1901, 120.329996
1902, 120.269501
1903, 120.497451
1904, 120.512530
1905, 120.494768
1906, 120.496301
1907, 120.580094
1908, 120.480933
1909, 120.488546
1910, 120.763590
1911, 120.785900
1912, 4397944.198955
1913, 120.719838
1914, 120.728361
1915, 121.069269
1916, 121.240181
1917, 121.245065
1918, 121.267873
1919, 121.505879
1920, 121.512756
1921, 4397928.775096
1922, 121.486810
1923, 121.495692
1924, 121.507567
1925, 121.497036
1926, 121.774021
1927, 121.768253
1928, 121.739492
1929, 121.783869
1930, 121.850935
1931, 122.010970
1932, 122.251526
1933, 122.301732
1934, 122.248211
1935, 122.491105
1936, 122.491074
1937, 122.514190
1938, 122.604658
1939, 122.462072
1940, 122.463552
1941, 122.467495
1942, 4398141.465232
1943, 122.795744
1944, 122.719587
1945, 122.708354
1946, 4397927.475982
1947, 122.961872
1948, 123.217414
1949, 123.292049
1950, 123.228923
1951, 123.488142
1952, 123.460267
1953, 123.459338
1954, 123.478848
1955, 123.484953
1956, 123.540453
1957, 123.471854
1958, 123.747821
1959, 123.711845
1960, 123.703816
1961, 123.749656
1962, 123.802046
1963, 123.976222
1964, 124.212377
1965, 124.433460
1966, 124.243601
1967, 124.596159
1968, 124.481312
1969, 124.488164
1970, 124.477571
1971, 4397950.328226
1972, 124.485218
1973, 124.447557
1974, 124.962792
1975, 124.716388
1976, 124.712081
1977, 124.774032
1978, 124.739493
1979, 124.939740
1980, 125.344461
1981, 125.339265
1982, 125.254296
1983, 125.463907
1984, 125.476078
1985, 125.580450
1986, 125.477222
1987, 4398006.429491
1988, 125.500512
1989, 125.475072
1990, 125.740927
1991, 4397932.223188
1992, 125.767100
1993, 125.705213
1994, 125.799309
1995, 125.971409
1996, 126.232924
1997, 126.500883
1998, 126.234304
1999, 126.506143
2000, 126.495094
2001, 126.459892
2002, 126.584066
2003, 126.655014
2004, 126.463829
2005, 126.504018
2006, 127.025847
2007, 126.724863
2008, 126.703128
2009, 126.823640
2010, 126.718930
2011, 126.937310
2012, 127.215358
2013, 127.540033
2014, 127.209175
2015, 127.470630
2016, 127.461660
2017, 127.569009
2018, 127.471882
2019, 127.642716
2020, 127.558296
2021, 127.467176
2022, 127.787593
2023, 127.825487
2024, 127.730251
2025, 127.706540
2026, 127.706328
2027, 127.972407
2028, 128.181412
2029, 128.219960
2030, 128.201704
2031, 128.435657
2032, 128.465474
2033, 128.578649
2034, 128.456848
2035, 128.720228
2036, 128.441295
2037, 128.434873
2038, 128.780938
2039, 128.769225
2040, 128.688324
2041, 128.986379
2042, 128.776761
2043, 128.939590
2044, 4397981.237023
2045, 129.282037
2046, 129.316976
2047, 129.558943
2048, 129.535318
2049, 129.533648
2050, 129.551269
2051, 129.644878
2052, 129.639520
2053, 129.531802
2054, 129.816984
2055, 129.765578
2056, 129.797417
2057, 129.817211
2058, 129.811274
2059, 130.038739
2060, 130.325168
2061, 130.247962
2062, 130.247561
2063, 130.520211
2064, 130.468653
2065, 130.477831
2066, 130.496522
2067, 130.504421
2068, 130.453787
2069, 130.434167
2070, 130.721694
2071, 130.753518
2072, 130.681000
2073, 130.713770
2074, 130.713725
2075, 130.949637
2076, 131.205988
2077, 131.196666
2078, 131.220673
2079, 131.578936
2080, 131.467922
2081, 131.657109
2082, 131.523971
2083, 4397992.421897
2084, 131.462330
2085, 131.595066
2086, 131.715807
2087, 8795987.150724
2088, 131.758596
2089, 131.836847
2090, 131.666739
2091, 4397918.594463
2092, 132.196476
2093, 132.173133
2094, 132.430276
2095, 132.657863
2096, 132.558849
2097, 132.485247
2098, 132.486997
2099, 132.559136
2100, 132.458469
2101, 132.498608
2102, 132.685228
2103, 132.701792
2104, 132.697282
2105, 132.670581
2106, 132.689420
2107, 132.924402
2108, 133.179531
2109, 133.193286
2110, 133.225251
2111, 133.506179
2112, 133.503033
2113, 133.639093
2114, 133.663552
2115, 133.478728
2116, 133.460091
2117, 133.488451
2118, 133.706100
2119, 133.685699
2120, 133.695330
2121, 133.702385
2122, 133.728397
2123, 133.965518
2124, 134.307830
2125, 134.232299
2126, 134.264806
2127, 134.448752
2128, 134.469456
2129, 134.461974
2130, 134.453200
2131, 134.477158
2132, 134.403743
2133, 134.414130
2134, 4398143.095155
2135, 134.841726
2136, 134.758826
2137, 134.668679
2138, 134.856545
2139, 134.986899
2140, 135.176023
2141, 135.161929
2142, 135.301723
2143, 135.555116
2144, 135.474112
2145, 135.422794
2146, 135.487637
2147, 135.445715
2148, 135.424368
2149, 135.418221
2150, 135.709283
2151, 135.758347
2152, 135.681648
2153, 135.748360
2154, 135.699618
2155, 135.950146
2156, 136.170293
2157, 136.363272
2158, 136.189703
2159, 136.425463
2160, 136.429374
2161, 136.534293
2162, 136.424008
2163, 136.399961
2164, 136.400531
2165, 136.424834
2166, 136.672021
2167, 136.759403
2168, 136.681543
2169, 136.663893
2170, 136.826247
2171, 136.952767
2172, 137.213822
2173, 137.355186
2174, 137.243228
2175, 137.506245
2176, 137.431706
2177, 137.414147
2178, 137.417548
2179, 137.428787
2180, 137.538299
2181, 137.439314
2182, 137.703919
2183, 137.735331
2184, 137.712172
2185, 137.673510
2186, 137.701604
2187, 137.969305
2188, 138.203977
2189, 138.221065
2190, 138.197483
2191, 138.430228
2192, 138.430190
2193, 138.517901
2194, 138.422744
2195, 138.451024
2196, 138.387325
2197, 138.389104
2198, 4397975.476740
2199, 138.654482
2200, 138.693244
2201, 138.662330
2202, 8796024.022048
2203, 139.049215
2204, 139.168737
2205, 139.246354
2206, 4397951.923517
2207, 139.590962
2208, 139.384608
2209, 139.376278
2210, 139.439061
2211, 139.411764
2212, 139.442761
2213, 139.390965
2214, 139.705660
2215, 139.671632
2216, 139.668995
2217, 139.668761
2218, 139.764255
2219, 139.872870
2220, 140.225863
2221, 140.342003
2222, 140.170222
2223, 140.441057
2224, 4397910.465920
2225, 140.422496
2226, 140.447985
2227, 140.408425
2228, 4397910.460529
2229, 140.451862
2230, 140.791864
2231, 140.741512
2232, 140.665498
2233, 140.834027
2234, 140.650071
2235, 140.954059
2236, 141.174243
2237, 141.259709
2238, 141.162551
2239, 141.419809
2240, 141.410168
2241, 141.563808
2242, 141.435737
2243, 141.423267
2244, 141.453575
2245, 141.591651
2246, 141.662848
2247, 141.664991
2248, 141.655343
2249, 141.695932
2250, 4397909.126688
2251, 141.920404
2252, 142.157327
2253, 142.426257
2254, 142.297103
2255, 142.537598
2256, 142.406779
2257, 142.414888
2258, 142.529898
2259, 142.481311
2260, 142.440063
2261, 142.332933
2262, 142.869162
2263, 142.636388
2264, 142.668312
2265, 142.673289
2266, 142.656532
2267, 142.910598
2268, 4397907.763846
2269, 143.269070
2270, 143.164017
2271, 143.419959
2272, 4397907.621019
2273, 143.440058
2274, 143.409435
2275, 143.379623
2276, 143.555016
2277, 143.386423
2278, 143.708514
2279, 143.666831
2280, 143.622642
2281, 143.788901
2282, 143.684089
2283, 143.873975
2284, 144.132491
2285, 144.104903
2286, 4397922.471963
2287, 144.427689
2288, 144.571742
2289, 144.414808
2290, 4397970.983948
2291, 144.631338
2292, 144.427910
2293, 144.354301
2294, 144.608947
2295, 144.601497
2296, 144.599279
2297, 144.876807
2298, 144.627936
2299, 144.868097
2300, 145.107393
2301, 145.140228
2302, 145.111330
2303, 145.364848
2304, 145.394986
2305, 145.426030
2306, 145.507706
2307, 145.372610
2308, 145.490164
2309, 145.544147
2310, 145.659661
2311, 145.660416
2312, 145.641845
2313, 145.704750
2314, 145.643817
2315, 4397905.012503
2316, 146.182139
2317, 146.090191
2318, 146.176945
2319, 146.423903
2320, 146.439866
2321, 146.341606
2322, 146.366214
2323, 146.345578
2324, 146.374128
2325, 146.351625
2326, 146.656257
2327, 146.770162
2328, 146.614325
2329, 4397945.012497
2330, 146.610649
2331, 146.847584
2332, 147.118681
2333, 4398154.808936
2334, 147.147890
2335, 147.359442
2336, 147.389939
2337, 147.365880
2338, 147.367593
2339, 147.371155
2340, 147.363054
2341, 147.398192
2342, 147.683743
2343, 147.617714
2344, 147.661698
2345, 147.612314
2346, 147.649808
2347, 147.881897
2348, 4397909.756886
2349, 148.120491
2350, 148.152173
2351, 148.401360
2352, 8796034.160886
2353, 148.380679
2354, 148.364927
2355, 148.511811
2356, 148.343564
2357, 148.415481
2358, 148.564152
2359, 148.644089
2360, 148.555940
2361, 148.671680
2362, 148.672310
2363, 148.894830
2364, 149.147588
2365, 149.153719
2366, 149.119405
2367, 149.396076
2368, 149.366392
2369, 4397932.582688
2370, 149.420931
2371, 149.366458
2372, 149.415525
2373, 4398166.029493
2374, 149.835789
2375, 149.649422
2376, 149.623183
2377, 149.673107
2378, 149.660252
2379, 149.872801
2380, 150.136238
2381, 150.231296
2382, 150.187055
2383, 150.477432
2384, 150.383485
2385, 150.366386
2386, 150.396887
2387, 150.338901
2388, 150.291360
2389, 150.325238
2390, 4397985.890779
2391, 150.648989
2392, 150.595104
2393, 150.689505
2394, 150.684261
2395, 150.835024
2396, 151.205689
2397, 4397900.080848
2398, 151.160562
2399, 151.388129
2400, 151.411589
2401, 151.326948
2402, 151.553159
2403, 151.342545
2404, 151.294184
2405, 151.466242
2406, 151.615479
2407, 151.590044
2408, 151.540872
2409, 151.713801
2410, 151.576050
2411, 151.992511
2412, 152.069657
2413, 152.062542
2414, 4397898.962178
2415, 152.479667
2416, 152.343633
2417, 152.474363
2418, 4397965.521749
2419, 152.380390
2420, 152.379794
2421, 152.375470
2422, 152.644255
2423, 152.586372
2424, 152.751920
2425, 152.595227
2426, 152.748192
2427, 152.929360
2428, 153.208778
2429, 153.105232
2430, 153.091114
2431, 4397926.082903
2432, 153.326626
2433, 153.530662
2434, 153.339572
2435, 4398193.107861
2436, 153.373400
2437, 153.318711
2438, 153.621238
2439, 153.592975
2440, 153.715087
2441, 153.604643
2442, 153.657592
2443, 153.834738
2444, 154.204072
2445, 154.084098
2446, 154.095521
2447, 154.276450
2448, 154.325761
2449, 154.307222
2450, 154.412638
2451, 154.320806
2452, 154.274142
2453, 154.430943
2454, 154.675054
2455, 4397935.597164
2456, 154.600042
2457, 154.611003
2458, 154.561795
2459, 154.913735
2460, 155.013039
2461, 155.141391
2462, 155.026849
2463, 155.319032
2464, 155.284938
2465, 155.322528
2466, 155.289695
2467, 155.319756
2468, 155.330788
2469, 155.322395
2470, 155.545891
2471, 155.580534
2472, 155.605778
2473, 155.503422
2474, 155.617115
2475, 4397895.441401
2476, 156.038023
2477, 156.136459
2478, 156.056667
2479, 156.316298
2480, 156.399730
2481, 156.330999
2482, 156.453686
2483, 156.341964
2484, 156.305987
2485, 156.396460
2486, 156.563057
2487, 156.506125
2488, 156.561570
2489, 156.539804
2490, 156.504254
2491, 156.797226
2492, 4398038.570560
2493, 157.221395
2494, 157.200557
2495, 4397894.085436
2496, 157.287715
2497, 157.255021
2498, 157.328390
2499, 157.311356
2500, 157.345787
2501, 157.279784
2502, 157.579308
2503, 157.575028
2504, 157.621346
2505, 157.672685
2506, 157.553662
2507, 157.812569
2508, 158.174601
2509, 158.203102
2510, 158.058171
2511, 158.301120
2512, 158.277057
2513, 158.304190
2514, 158.292734
2515, 4397896.003426
2516, 158.277555
2517, 158.255822
2518, 158.698600
2519, 158.514848
2520, 158.516380
2521, 158.575274
2522, 158.567582
2523, 158.727927
2524, 159.025604
2525, 159.155599
2526, 159.056229
2527, 159.256115
2528, 159.290674
2529, 159.296018
2530, 159.267510
2531, 159.265053
2532, 159.294555
2533, 159.324621
2534, 159.564406
2535, 8796021.559541
2536, 159.513751
2537, 159.550960
2538, 159.556846
2539, 159.809519
2540, 160.148652
2541, 160.047898
2542, 159.967255
2543, 160.215818
2544, 160.257772
2545, 160.235578
2546, 160.410533
2547, 160.451673
2548, 160.339582
2549, 160.228683
2550, 160.553003
2551, 4397937.537632
2552, 160.478082
2553, 160.706843
2554, 160.469886
2555, 160.752290
2556, 161.013599
2557, 160.996844
2558, 4397922.361664
2559, 161.407462
2560, 161.391173
2561, 161.278729
2562, 161.276334
2563, 161.286793
2564, 161.305438
2565, 161.305038
2566, 161.544511
2567, 161.641585
2568, 161.604327
2569, 161.568161
2570, 161.565106
2571, 161.800371
2572, 162.044567
2573, 162.218619
2574, 8796027.213237
2575, 162.293200
2576, 162.286941
2577, 162.330133
2578, 162.282441
2579, 162.301529
2580, 162.316187
2581, 162.269946
2582, 162.568341
2583, 162.611097
2584, 162.559817
2585, 162.513587
2586, 162.614565
2587, 162.761594
2588, 163.114458
2589, 163.059142
2590, 4398010.726395
2591, 163.363677
2592, 163.305840
2593, 4397888.253711
2594, 163.470526
2595, 163.260287
2596, 163.316527
2597, 163.287233
2598, 163.528828
2599, 163.542663
2600, 163.640480
2601, 163.549294
2602, 163.501796
2603, 163.758358
2604, 163.980410
2605, 164.025096
2606, 164.013568
2607, 164.459105
2608, 164.391140
2609, 4397929.234551
2610, 164.271064
2611, 164.253025
2612, 164.254595
2613, 164.256383
2614, 164.713619
2615, 164.523766
2616, 4397961.504378
2617, 164.546185
2618, 164.531858
2619, 164.750288
2620, 165.074445
2621, 165.015839
2622, 165.144088
2623, 165.280423
2624, 165.453794
2625, 165.280725
2626, 165.267639
2627, 165.287108
2628, 4397891.295950
2629, 165.314308
2630, 165.519687
2631, 165.472802
2632, 165.508322
2633, 165.470840
2634, 165.515387
2635, 4397938.900086
2636, 166.002608
2637, 165.957512
2638, 165.985766
2639, 166.347736
2640, 166.212332
2641, 166.249939
2642, 166.191238
2643, 166.229645
2644, 166.176062
2645, 166.328899
2646, 166.484455
2647, 4397898.527980
2648, 166.473161
2649, 166.472988
2650, 166.486460
2651, 166.675617
2652, 166.975937
2653, 167.008420
2654, 4397981.846072
2655, 167.230100
2656, 167.410382
2657, 167.286969
2658, 167.280873
2659, 167.313109
2660, 167.233766
2661, 167.265035
2662, 167.527207
2663, 167.662202
2664, 167.499837
2665, 167.519372
2666, 4397965.261862
2667, 167.740139
2668, 168.034760
2669, 4397883.774805
2670, 167.969396
2671, 168.354537
2672, 168.347260
2673, 168.294553
2674, 168.246570
2675, 168.212710
2676, 168.334105
2677, 168.383423
2678, 168.548666
2679, 168.466525
2680, 168.566202
2681, 168.435620
2682, 168.503107
2683, 168.787643
2684, 168.996534
2685, 168.997783
2686, 169.063971
2687, 169.346508
2688, 8796024.575883
2689, 169.235318
2690, 169.212276
2691, 4397903.220555
2692, 169.226160
2693, 169.198121
2694, 169.497741
2695, 169.505076
2696, 169.506805
2697, 169.460569
2698, 169.590247
2699, 169.847887
2700, 169.996508
2701, 170.021301
2702, 169.966126
2703, 4397887.901802
2704, 170.218977
2705, 170.218447
2706, 170.233972
2707, 170.195257
2708, 170.163331
2709, 170.159572
2710, 170.521211
2711, 170.430434
2712, 170.474962
2713, 170.454106
2714, 170.459292
2715, 170.729876
2716, 170.957715
2717, 170.998682
2718, 171.038039
2719, 171.216375
2720, 171.187617
2721, 171.199299
2722, 171.260145
2723, 171.211483
2724, 171.224969
2725, 4397978.387257
2726, 171.490736
2727, 171.451609
2728, 4397880.421766
2729, 171.519555
2730, 171.506184
2731, 171.746960
2732, 171.991914
2733, 172.089295
2734, 172.046250
2735, 172.206904
2736, 172.208399
2737, 172.283243
2738, 172.289847
2739, 172.223379
2740, 4397944.684903
2741, 172.225720
2742, 172.539416
2743, 4397879.304186
2744, 172.467421
2745, 172.663682
2746, 172.467539
2747, 172.694166
2748, 172.956341
2749, 173.103094
2750, 173.030826
2751, 173.217407
2752, 173.153810
2753, 173.196911
2754, 173.250012
2755, 173.323889
2756, 173.310663
2757, 173.311252
2758, 173.488317
2759, 173.532431
2760, 173.463227
2761, 173.542642
2762, 173.479646
2763, 173.712880
2764, 174.071242
2765, 174.061015
2766, 173.993734
2767, 174.190187
2768, 174.323435
2769, 174.184615
2770, 174.245651
2771, 174.281661
2772, 174.152518
2773, 174.201671
2774, 174.512444
2775, 174.475435
2776, 174.519601
2777, 174.495082
2778, 174.481769
2779, 174.842093
2780, 174.923968
2781, 175.064101
2782, 175.038469
2783, 175.173639
2784, 175.237952
2785, 175.298148
2786, 175.175732
2787, 175.246513
2788, 175.173815
2789, 175.171866
2790, 175.418990
2791, 175.417752
2792, 175.502987
2793, 175.475333
2794, 175.423423
2795, 175.691053
2796, 175.895816
2797, 175.965925
2798, 175.928472
2799, 176.352795
2800, 176.171867
2801, 176.257634
2802, 176.310011
2803, 176.357249
2804, 176.231433
2805, 176.155653
2806, 176.422252
2807, 176.403975
2808, 176.396047
2809, 176.655562
2810, 176.514078
2811, 176.665258
2812, 169.327787
2813, 177.043794
2814, 176.925670
2815, 177.156341
2816, 177.257127
2817, 177.164234
2818, 177.197824
2819, 177.156260
2820, 177.176702
2821, 177.182926
2822, 177.490784
2823, 177.430385
2824, 177.427895
2825, 177.484201
2826, 177.451827
2827, 177.689183
2828, 177.937197
2829, 177.985728
2830, 4397954.189003
2831, 178.154453
2832, 178.353078
2833, 4397899.040528
2834, 178.156815
2835, 178.149967
2836, 4397873.855076
2837, 178.134988
2838, 178.406271
2839, 178.497567
2840, 178.417957
2841, 178.461302
2842, 178.394756
2843, 178.652234
2844, 178.876423
2845, 178.899151
2846, 178.883328
2847, 179.229570
2848, 179.131999
2849, 179.134414
2850, 179.165018
2851, 4398206.366132
2852, 179.243585
2853, 179.183789
2854, 4397958.987863
2855, 179.403016
2856, 179.406199
2857, 179.415423
2858, 179.566364
2859, 179.686757
2860, 179.977655
2861, 179.880733
2862, 179.893787
2863, 180.132051
2864, 180.195889
2865, 179.003871
2866, 180.274749
2867, 180.147303
2868, 4397872.003221
2869, 180.209517
2870, 180.395729
2871, 180.378712
2872, 180.377048
2873, 180.436358
2874, 180.409575
2875, 180.612736
2876, 180.905294
2877, 181.002091
2878, 180.928561
2879, 181.224870
2880, 181.139528
2881, 181.153588
2882, 181.276125
2883, 181.141797
2884, 181.246372
2885, 181.139690
2886, 4398205.140474
2887, 181.403304
2888, 181.493813
2889, 4397969.605792
2890, 181.422316
2891, 181.648008
2892, 181.996931
2893, 181.925521
2894, 182.062093
2895, 182.170668
2896, 182.144991
2897, 182.164030
2898, 182.137105
2899, 182.153721
2900, 4397926.582240
2901, 182.119179
2902, 182.510143
2903, 4397900.137093
2904, 182.381153
2905, 182.367586
2906, 4397889.163494
2907, 182.686445
2908, 183.052408
2909, 182.867243
2910, 182.877263
2911, 183.205664
2912, 183.128729
2913, 183.122346
2914, 183.142383
2915, 183.141992
2916, 4398007.751493
2917, 183.123674
2918, 183.374707
2919, 8796039.764728
2920, 183.360085
2921, 183.359887
2922, 4397942.841006
2923, 183.645943
2924, 183.882652
2925, 183.891910
2926, 183.934513
2927, 184.138140
2928, 184.196356
2929, 184.125896
2930, 184.124160
2931, 184.202164
2932, 184.128685
2933, 4397940.977134
2934, 184.507144
2935, 184.346790
2936, 4397927.285375
2937, 184.409578
2938, 184.395712
2939, 4397867.532146
2940, 184.975113
2941, 184.858108
2942, 184.867677
2943, 185.122240
2944, 185.117061
2945, 185.226081
2946, 185.154518
2947, 185.181707
2948, 185.126489
2949, 185.231160
2950, 4397922.904945
2951, 185.459379
2952, 185.382182
2953, 4397913.887476
2954, 185.369154
2955, 185.626874
2956, 4397866.335945
2957, 185.921662
2958, 185.898553
2959, 186.118585
2960, 186.130376
2961, 186.123145
2962, 186.128759
2963, 186.103269
2964, 186.184618
2965, 186.131575
2966, 186.523510
2967, 4397926.722580
2968, 186.345455
2969, 186.335243
2970, 4397921.233563
2971, 186.679772
2972, 186.870718
2973, 4397865.434343
2974, 186.857754
2975, 187.083791
2976, 187.095091
2977, 187.113799
2978, 187.131535
2979, 187.107860
2980, 187.117041
2981, 187.136100
2982, 187.409000
2983, 187.380163
2984, 4397963.457173
2985, 187.345092
2986, 187.459188
2987, 8796010.690067
2988, 187.821290
2989, 188.119801
2990, 4397864.511905
2991, 188.109071
2992, 188.124502
2993, 188.215131
2994, 188.100507
2995, 188.215660
2996, 188.152998
2997, 188.107614
2998, 188.570596
2999, 188.393168
3000, 188.340686
3001, 4398043.521125
3002, 188.503171
3003, 188.639386
3004, 188.964697
3005, 188.951155
3006, 188.868076
3007, 189.159310
3008, 189.075075
3009, 189.111544
3010, 189.154042
3011, 189.210787
3012, 189.199351
3013, 189.124521
3014, 189.424293
3015, 189.376568
3016, 189.408947
3017, 189.448809
3018, 189.419446
3019, 189.697539
3020, 189.844433
3021, 190.254673
3022, 189.861421
3023, 190.144415
3024, 190.103692
3025, 190.274917
3026, 190.082543
3027, 190.378190
3028, 190.082946
3029, 190.073989
3030, 190.673513
3031, 190.336312
3032, 190.440331
3033, 190.365049
3034, 4397909.591564
3035, 190.568886
3036, 190.835927
3037, 4397930.558840
3038, 190.959650
3039, 191.131153
3040, 4397861.315761
3041, 191.181825
3042, 191.093715
3043, 191.078648
3044, 191.073734
3045, 191.148349
3046, 191.452751
3047, 191.319292
3048, 191.419076
3049, 191.320169
3050, 191.342985
3051, 191.579524
3052, 191.828222
3053, 191.793396
3054, 191.852306
3055, 192.056500
3056, 192.079292
3057, 192.107019
3058, 192.202077
3059, 192.357829
3060, 192.051756
3061, 192.053680
3062, 192.331892
3063, 192.325204
3064, 192.300533
3065, 192.619649
3066, 192.315638
3067, 4397903.508798
3068, 192.814836
3069, 192.821191
3070, 4397935.787989
3071, 193.071951
3072, 193.090435
3073, 4397948.788500
3074, 193.201575
3075, 193.083065
3076, 193.082756
3077, 193.180770
3078, 193.357221
3079, 193.358911
3080, 193.341940
3081, 193.315033
3082, 193.341312
3083, 193.596374
3084, 193.841077
3085, 193.849143
3086, 193.842966
3087, 194.149934
3088, 194.161394
3089, 4397858.479636
3090, 194.159038
3091, 194.117109
3092, 194.118282
3093, 194.119291
3094, 194.289592
3095, 194.294495
3096, 194.389992
3097, 194.290094
3098, 194.332524
3099, 194.748237
3100, 4398026.356741
3101, 194.834756
3102, 194.865753
3103, 195.116273
3104, 195.022725
3105, 195.137313
3106, 195.049870
3107, 195.082433
3108, 195.145241
3109, 195.097228
3110, 195.399868
3111, 195.440940
3112, 195.387144
3113, 195.315694
3114, 195.462979
3115, 195.582619
3116, 4397924.910370
3117, 195.812078
3118, 195.776138
3119, 8796022.172943
3120, 196.070269
3121, 196.112590
3122, 196.131683
3123, 196.133855
3124, 196.180608
3125, 196.126820
3126, 196.277015
3127, 196.285242
3128, 196.323727
3129, 196.318940
3130, 196.412802
3131, 196.533728
3132, 189.109459
3133, 196.860568
3134, 196.794957
3135, 8795963.637207
3136, 197.084067
3137, 197.035681
3138, 4397935.877499
3139, 197.043221
3140, 197.089897
3141, 197.114170
3142, 197.395774
3143, 197.358891
3144, 197.345070
3145, 197.286872
3146, 197.383351
3147, 197.607890
3148, 197.795247
3149, 197.871864
3150, 197.795893
3151, 4397881.885307
3152, 198.077372
3153, 198.089824
3154, 4397854.666384
3155, 198.069066
3156, 198.045807
3157, 198.062836
3158, 198.522592
3159, 198.309618
3160, 198.366383
3161, 198.268740
3162, 198.325575
3163, 198.497767
3164, 199.010447
3165, 198.999204
3166, 198.823271
3167, 4397876.058732
3168, 199.102123
3169, 199.096563
3170, 4397853.613303
3171, 199.064601
3172, 199.102232
3173, 199.159706
3174, 199.288432
3175, 199.372184
3176, 199.358157
3177, 199.351497
3178, 199.337540
3179, 199.555911
3180, 199.937342
3181, 199.903839
3182, 199.806598
3183, 4397912.456329
3184, 200.084232
3185, 200.049989
3186, 4397944.334141
3187, 200.095448
3188, 200.006981
3189, 200.214322
3190, 200.308479
3191, 200.264868
3192, 200.356114
3193, 200.302242
3194, 200.291419
3195, 200.652818
3196, 4397891.050435
3197, 200.808671
3198, 200.874328
3199, 8796014.592594
3200, 201.062520
3201, 201.048536
3202, 201.054290
3203, 201.043450
3204, 201.071460
3205, 201.035357
3206, 201.341229
3207, 201.312602
3208, 201.354637
3209, 201.322261
3210, 201.329752
3211, 201.575015
3212, 4397976.113853
3213, 202.000474
3214, 201.957622
3215, 202.096994
3216, 202.119947
3217, 202.060794
3218, 202.083885
3219, 202.028887
3220, 202.102895
3221, 202.080231
3222, 202.361220
3223, 202.333370
3224, 202.274840
3225, 202.363758
3226, 202.304950
3227, 202.528280
3228, 202.810502
3229, 202.925872
3230, 202.784297
3231, 202.971863
3232, 203.036879
3233, 4397849.746009
3234, 203.251046
3235, 203.201459
3236, 203.155750
3237, 203.133594
3238, 203.502659
3239, 203.306661
3240, 203.280804
3241, 203.293358
3242, 203.393544
3243, 203.645352
3244, 203.805177
3245, 203.869100
3246, 8795972.007039
3247, 204.227549
3248, 204.035681
3249, 204.103369
3250, 204.080836
3251, 204.047425
3252, 204.169423
3253, 204.016849
3254, 204.334314
3255, 204.318337
3256, 204.275797
3257, 204.385538
3258, 204.316769
3259, 4398008.155811
3260, 204.786195
3261, 205.011867
3262, 204.857515
3263, 205.161158
3264, 205.023234
3265, 205.021488
3266, 205.089565
3267, 205.041620
3268, 205.033926
3269, 205.097722
3270, 205.353490
3271, 205.289929
3272, 205.298606
3273, 205.303989
3274, 205.497095
3275, 205.570107
3276, 205.747195
3277, 4397906.043167
3278, 205.867977
3279, 206.027530
3280, 206.053672
3281, 206.036948
3282, 206.073324
3283, 206.112137
3284, 206.110088
3285, 206.003847
3286, 206.517706
3287, 206.252763
3288, 206.307843
3289, 206.385916
3290, 4398041.810132
3291, 206.568411
3292, 206.811524
3293, 206.886182
3294, 206.954327
3295, 4397845.904591
3296, 207.004813
3297, 206.998779
3298, 207.075809
3299, 207.006078
3300, 207.027694
3301, 207.066411
3302, 207.277668
3303, 207.261963
3304, 207.251586
3305, 4397889.152243
3306, 207.291168
3307, 207.585413
3308, 4398208.027815
3309, 207.783658
3310, 207.781654
3311, 207.969598
3312, 208.059069
3313, 207.939721
3314, 208.055786
3315, 208.270477
3316, 208.041322
3317, 207.994784
3318, 208.262461
3319, 208.252220
3320, 208.257716
3321, 208.613556
3322, 208.271177
3323, 4397885.240410
3324, 208.733930
3325, 208.872994
3326, 208.826842
3327, 209.039300
3328, 209.009661
3329, 209.054146
3330, 209.022625
3331, 209.022382
3332, 209.031449
3333, 209.025014
3334, 209.330163
3335, 209.323086
3336, 209.361870
3337, 209.360841
3338, 209.312834
3339, 209.528233
3340, 209.755950
3341, 4397886.972567
3342, 209.829357
3343, 210.010986
3344, 210.050057
3345, 210.125221
3346, 209.995687
3347, 209.982498
3348, 210.072215
3349, 209.987337
3350, 210.249993
3351, 4398023.459103
3352, 210.273408
3353, 210.287883
3354, 210.222466
3355, 210.570241
3356, 4397842.152944
3357, 210.851806
3358, 210.792886
3359, 210.985245
3360, 211.058122
3361, 210.989384
3362, 211.075677
3363, 211.149691
3364, 211.013344
3365, 211.029752
3366, 4397977.229480
3367, 211.269229
3368, 211.226012
3369, 211.270830
3370, 211.333053
3371, 4397841.555920
3372, 211.900316
3373, 211.717647
3374, 211.777796
3375, 212.014017
3376, 212.041160
3377, 211.980659
3378, 212.029841
3379, 211.976192
3380, 212.130794
3381, 4397957.955622
3382, 212.284210
3383, 212.219916
3384, 212.290741
3385, 212.270748
3386, 4397840.751848
3387, 212.517251
3388, 212.783225
3389, 212.717568
3390, 212.906345
3391, 213.057381
3392, 213.023273
3393, 212.992480
3394, 213.039956
3395, 213.043930
3396, 212.977513
3397, 213.050880
3398, 213.321839
3399, 213.296424
3400, 213.261848
3401, 4397904.294399
3402, 213.323306
3403, 213.562076
3404, 213.857617
3405, 213.921244
3406, 213.794334
3407, 213.996910
3408, 214.007354
3409, 214.041620
3410, 214.118478
3411, 214.017663
3412, 214.023892
3413, 4397839.198727
3414, 214.321159
3415, 214.201537
3416, 4397838.905999
3417, 214.229655
3418, 214.269628
3419, 214.513422
3420, 214.753213
3421, 214.827797
3422, 214.772933
3423, 215.016891
3424, 214.919455
3425, 214.965091
3426, 215.020224
3427, 214.985723
3428, 4397900.050179
3429, 214.977197
3430, 215.432386
3431, 215.227564
3432, 215.264343
3433, 215.229081
3434, 215.256291
3435, 215.485793
3436, 215.770784
3437, 215.706344
3438, 215.762285
3439, 215.914662
3440, 215.962334
3441, 216.014730
3442, 216.163866
3443, 4398216.178744
3444, 216.024651
3445, 215.959220
3446, 216.213346
3447, 216.219963
3448, 216.203294
3449, 216.205447
3450, 216.222773
3451, 216.499059
3452, 216.694923
3453, 216.709099
3454, 216.920055
3455, 4397951.502106
3456, 216.962956
3457, 217.102665
3458, 217.040347
3459, 217.085969
3460, 4397836.108873
3461, 216.985042
3462, 217.303012
3463, 217.235086
3464, 217.265340
3465, 217.231405
3466, 217.230869
3467, 217.479117
3468, 217.723454
3469, 217.819684
3470, 217.785578
3471, 217.992936
3472, 218.030609
3473, 17591999.056715
3474, 218.043224
3475, 217.992663
3476, 4397835.298960
3477, 218.001326
3478, 218.300288
3479, 218.243148
3480, 218.222121
3481, 218.226584
3482, 218.163030
3483, 218.485294
3484, 218.761416
3485, 218.803073
3486, 218.753399
3487, 219.062994
3488, 219.010267
3489, 218.955885
3490, 218.999904
3491, 218.945329
3492, 218.919800
3493, 218.962570
3494, 219.219260
3495, 219.307598
3496, 219.194502
3497, 219.255575
3498, 219.261922
3499, 8796285.853897
3500, 219.718160
3501, 219.811423
3502, 219.837882
3503, 220.144127
3504, 220.005902
3505, 220.021971
3506, 219.932355
3507, 219.923428
3508, 219.985252
3509, 219.933378
3510, 220.308268
3511, 220.223467
3512, 220.188023
3513, 220.245156
3514, 220.184930
3515, 220.478103
3516, 220.820958
3517, 220.783527
3518, 220.744917
3519, 220.952885
3520, 220.992840
3521, 221.118233
3522, 8795987.567995
3523, 221.122248
3524, 220.972284
3525, 220.959983
3526, 221.148601
3527, 17592083.642946
3528, 221.173443
3529, 221.214035
3530, 221.310150
3531, 221.452379
3532, 8795922.806569
3533, 221.792431
3534, 221.708571
3535, 221.950405
3536, 222.162956
3537, 221.994032
3538, 222.017853
3539, 222.040371
3540, 221.988096
3541, 221.942430
3542, 222.604058
3543, 222.232847
3544, 222.256215
3545, 222.266571
3546, 222.287805
3547, 222.411111
3548, 222.717124
3549, 223.081965
3550, 8795970.244048
3551, 223.103057
3552, 222.994832
3553, 222.992403
3554, 222.986687
3555, 17592084.394610
3556, 223.033053
3557, 222.952470
3558, 223.242203
3559, 223.191740
3560, 8796090.996027
3561, 223.344096
3562, 223.231089
3563, 223.494422
3564, 223.815876
3565, 223.707188
3566, 223.787896
3567, 223.924082
3568, 223.995734
3569, 224.048332
3570, 223.951298
3571, 224.174963
3572, 223.965238
3573, 223.924763
3574, 224.188704
3575, 224.198531
3576, 224.206274
3577, 224.388094
3578, 8796069.877811
3579, 224.406673
3580, 224.861224
3581, 224.686998
3582, 224.833379
3583, 224.939047
3584, 224.975790
3585, 224.916182
3586, 225.029890
3587, 225.082534
3588, 224.947549
3589, 224.988318
3590, 225.251269
3591, 225.292823
3592, 225.265342
3593, 225.240120
3594, 225.191831
3595, 225.433443
3596, 225.689825
3597, 225.755522
3598, 225.714024
3599, 226.050100
3600, 225.948722
3601, 226.055469
3602, 225.986804
3603, 226.053737
3604, 225.927473
3605, 225.960094
3606, 226.263077
3607, 226.193816
3608, 226.233487
3609, 226.203956
3610, 17592006.026804
3611, 226.493381
3612, 226.725842
3613, 226.887885
3614, 226.847311
3615, 8795926.076552
3616, 226.911561
3617, 226.903591
3618, 226.954899
3619, 227.073374
3620, 227.060047
3621, 226.916718
3622, 227.449068
3623, 227.235577
3624, 227.181743
3625, 227.281776
3626, 227.198137
3627, 227.513761
3628, 227.665979
3629, 227.776581
3630, 227.771919
3631, 227.938356
3632, 228.009072
3633, 228.005010
3634, 228.005569
3635, 228.015709
3636, 227.996975
3637, 227.958543
3638, 228.245061
3639, 228.269469
3640, 228.145955
3641, 228.360961
3642, 8795878.861150
3643, 228.492555
3644, 228.770120
3645, 228.697038
3646, 228.908465
3647, 228.893619
3648, 229.139660
3649, 229.051131
3650, 229.016771
3651, 228.924728
3652, 229.049795
3653, 228.988011
3654, 229.278807
3655, 229.122935
3656, 229.273813
3657, 229.265111
3658, 229.398926
3659, 229.508321
3660, 8796038.636672
3661, 229.749467
3662, 229.928370
3663, 229.917018
3664, 230.138528
3665, 229.995331
3666, 229.875485
3667, 229.972621
3668, 229.882602
3669, 229.962407
3670, 230.157276
3671, 230.175647
3672, 230.187979
3673, 230.176560
3674, 230.226731
3675, 230.442099
3676, 230.594856
3677, 230.617357
3678, 230.717051
3679, 230.845511
3680, 230.977565
3681, 230.936622
3682, 230.878184
3683, 230.880565
3684, 231.059884
3685, 230.876591
3686, 231.224595
3687, 8796055.032843
3688, 231.206862
3689, 231.108927
3690, 231.302793
3691, 231.578465
3692, 231.692636
3693, 231.705581
3694, 231.766241
3695, 231.921187
3696, 231.803843
3697, 231.806452
3698, 231.895972
3699, 231.935328
3700, 231.846665
3701, 231.824376
3702, 232.241638
3703, 232.111382
3704, 232.167004
3705, 232.106565
3706, 232.154230
3707, 232.416139
3708, 232.686566
3709, 232.614296
3710, 232.654677
3711, 232.979992
3712, 232.829397
3713, 232.830412
3714, 232.876164
3715, 232.836248
3716, 232.858306
3717, 232.864270
3718, 8795885.353319
3719, 233.110277
3720, 233.115259
3721, 233.126010
3722, 233.204558
3723, 8795945.291531
3724, 233.614038
3725, 233.633670
3726, 233.830344
3727, 233.835017
3728, 233.950992
3729, 233.943103
3730, 233.920841
3731, 233.837532
3732, 233.915683
3733, 233.837882
3734, 234.088539
3735, 234.156908
3736, 234.183759
3737, 234.159756
3738, 234.176111
3739, 234.397588
3740, 8795914.879299
3741, 234.747645
3742, 234.604932
3743, 234.809307
3744, 234.909299
3745, 8796269.782231
3746, 234.936289
3747, 234.945522
3748, 234.851054
3749, 234.929684
3750, 235.095698
3751, 235.280713
3752, 235.049594
3753, 235.132736
3754, 235.234537
3755, 235.358862
3756, 235.572638
3757, 235.667231
3758, 235.716562
3759, 235.832845
3760, 235.935464
3761, 235.926907
3762, 235.935435
3763, 235.851365
3764, 235.906604
3765, 235.917351
3766, 236.307469
3767, 236.183318
3768, 236.055324
3769, 236.210033
3770, 236.277384
3771, 17591977.477925
3772, 236.699278
3773, 236.642532
3774, 236.805770
3775, 236.912826
3776, 236.843840
3777, 236.813176
3778, 236.883677
3779, 236.825569
3780, 236.834024
3781, 236.824699
3782, 237.082466
3783, 237.114001
3784, 237.092427
3785, 237.191420
3786, 237.106124
3787, 237.326499
3788, 237.674151
3789, 237.696864
3790, 237.554284
3791, 237.832876
3792, 237.813189
3793, 237.752610
3794, 237.799035
3795, 237.829505
3796, 237.795908
3797, 8795870.041812
3798, 238.143367
3799, 238.068146
3800, 238.047550
3801, 238.182254
3802, 8795869.817181
3803, 238.296257
3804, 238.538456
3805, 238.841003
3806, 238.549386
3807, 238.892168
3808, 238.888304
3809, 238.901497
3810, 238.817003
3811, 238.903924
3812, 238.801425
3813, 238.824358
3814, 239.176601
3815, 239.048994
3816, 239.055993
3817, 239.052187
3818, 239.037114
3819, 8796086.026298
3820, 239.630813
3821, 239.645794
3822, 239.578302
3823, 239.811585
3824, 239.925079
3825, 239.821390
3826, 239.910233
3827, 240.114791
3828, 8795941.544752
3829, 239.786953
3830, 240.177189
3831, 240.042808
3832, 240.139708
3833, 240.266803
3834, 240.054557
3835, 240.286127
3836, 240.650931
3837, 240.534992
3838, 240.545745
3839, 240.789640
3840, 240.900146
3841, 240.788414
3842, 240.801594
3843, 240.809554
3844, 240.811154
3845, 240.810817
3846, 241.189719
3847, 241.065526
3848, 241.044090
3849, 8795875.805398
3850, 241.056065
3851, 241.308771
3852, 241.560308
3853, 241.542733
3854, 241.562239
3855, 241.779357
3856, 241.787862
3857, 241.794352
3858, 241.823659
3859, 241.854554
3860, 241.793316
3861, 241.800681
3862, 242.028766
3863, 242.014708
3864, 242.022502
3865, 242.016405
3866, 242.039362
3867, 242.269411
3868, 242.511120
3869, 242.525618
3870, 242.545380
3871, 242.772211
3872, 242.839637
3873, 242.852098
3874, 242.896194
3875, 17592069.793888
3876, 242.869567
3877, 242.901226
3878, 243.268789
3879, 243.104087
3880, 243.107200
3881, 243.092595
3882, 243.119582
3883, 243.379184
3884, 243.624889
3885, 243.616759
3886, 243.639311
3887, 243.881968
3888, 243.870867
3889, 243.865079
3890, 243.853794
3891, 243.881912
3892, 243.844183
3893, 243.958905
3894, 244.099045
3895, 244.119478
3896, 8795975.313355
3897, 244.088969
3898, 244.126130
3899, 244.361910
3900, 244.588868
3901, 244.605283
3902, 244.608314
3903, 244.856636
3904, 244.858997
3905, 8795906.334181
3906, 244.868657
3907, 244.847657
3908, 244.900546
3909, 244.862265
3910, 245.154174
3911, 245.050702
3912, 245.097239
3913, 245.222434
3914, 245.124871
3915, 245.354194
3916, 245.629790
3917, 245.650438
3918, 245.613615
3919, 245.895077
3920, 245.851940
3921, 245.836995
3922, 245.990136
3923, 245.834162
3924, 245.833322
3925, 245.922854
3926, 17592107.381769
3927, 246.094630
3928, 246.069342
3929, 246.076066
3930, 246.192677
3931, 246.328437
3932, 246.637176
3933, 246.867467
3934, 246.710113
3935, 246.830180
3936, 246.758019
3937, 246.938879
3938, 246.781130
3939, 246.838938
3940, 246.908822
3941, 246.963241
3942, 247.398805
3943, 247.092665
3944, 247.017569
3945, 247.008644
3946, 247.019819
3947, 247.276275
3948, 247.702673
3949, 247.866194
3950, 247.737313
3951, 17591978.773006
3952, 247.737201
3953, 247.731214
3954, 247.740626
3955, 247.730311
3956, 247.742154
3957, 247.736791
3958, 248.004871
3959, 248.064952
3960, 248.008328
3961, 247.988611
3962, 248.106831
3963, 248.320553
3964, 248.511582
3965, 248.501136
3966, 248.508791
3967, 248.746453
3968, 248.756925
3969, 248.769850
3970, 248.755303
3971, 248.832792
3972, 8796058.248356
3973, 248.774999
3974, 249.151236
3975, 249.011965
3976, 8795868.910647
3977, 249.003108
3978, 249.030207
3979, 249.259226
3980, 249.501709
3981, 249.518843
3982, 249.519053
3983, 249.921720
3984, 249.766263
3985, 249.708673
3986, 249.771565
3987, 249.781542
3988, 249.741396
3989, 249.816906
3990, 250.048023
3991, 249.972855
3992, 249.983842
3993, 249.953839
3994, 250.000056
3995, 250.216711
3996, 250.463147
3997, 8796073.860648
3998, 250.506881
3999, 250.835850
4000, 250.706110
4001, 8795857.792704
4002, 250.745181
4003, 250.722713
4004, 250.754105
4005, 250.720130
4006, 251.002332
4007, 251.065382
4008, 251.008332
4009, 251.082307
4010, 251.062135
4011, 251.208228
4012, 251.458348
4013, 251.610897
4014, 251.490946
4015, 251.729761
4016, 251.739037
4017, 251.722358
4018, 251.847107
4019, 251.790733
4020, 251.706572
4021, 251.701533
4022, 252.150202
4023, 251.976417
4024, 251.978414
4025, 252.005510
4026, 17592033.699140
4027, 252.300539
4028, 252.494788
4029, 252.437932
4030, 252.473381
4031, 252.728669
4032, 252.705854
4033, 252.720424
4034, 252.739168
4035, 252.797512
4036, 252.864477
4037, 252.723832
4038, 253.010671
4039, 252.995296
4040, 252.992909
4041, 252.983942
4042, 253.040997
4043, 253.257721
4044, 253.480682
4045, 253.780770
4046, 8795858.907352
4047, 253.731240
4048, 253.734743
4049, 253.718431
4050, 253.720624
4051, 253.931880
4052, 253.703462
4053, 253.772054
4054, 254.267925
4055, 8795971.426183
4056, 253.966310
4057, 253.941630
4058, 253.950207
4059, 254.270291
4060, 254.451311
4061, 254.754120
4062, 254.472662
4063, 254.688517
4064, 254.703322
4065, 254.690642
4066, 254.729631
4067, 254.726985
4068, 254.698574
4069, 254.695901
4070, 254.961335
4071, 8796096.257464
4072, 254.988547
4073, 254.965212
4074, 255.057326
4075, 17591997.864374
4076, 255.523950
4077, 255.588587
4078, 255.487110
4079, 255.705258
4080, 255.746685
4081, 255.816816
4082, 255.747289
4083, 255.971460
4084, 255.719476
4085, 255.684512
4086, 256.070358
4087, 255.923791
4088, 255.939594
4089, 256.262450
4090, 256.026425
4091, 256.200828
4092, 256.566550
4093, 256.439391
4094, 256.480732
4095, 8795852.796266
4096, 256.680171
4097, 256.769099
4098, 256.843409
4099, 256.688548
4100, 256.719571
4101, 256.780812
4102, 257.008131
4103, 257.052684
4104, 257.030192
4105, 257.065458
4106, 256.951762
4107, 257.191116
4108, 257.436504
4109, 257.483306
4110, 257.446284
4111, 257.825000
4112, 257.667302
4113, 257.672205
4114, 257.729046
4115, 257.710484
4116, 257.781361
4117, 8795931.000279
4118, 257.947210
4119, 257.932125
4120, 257.927824
4121, 257.915575
4122, 257.954546
4123, 258.195787
4124, 258.426765
4125, 258.533411
4126, 258.566048
4127, 258.680331
4128, 258.650928
4129, 258.650969
4130, 258.709440
4131, 258.693066
4132, 258.697989
4133, 258.697275
4134, 259.007654
4135, 258.936190
4136, 259.026562
4137, 258.910488
4138, 259.026513
4139, 259.175463
4140, 259.422939
4141, 259.496713
4142, 259.455355
4143, 259.689573
4144, 259.694768
4145, 259.784244
4146, 259.678938
4147, 259.683367
4148, 259.790476
4149, 259.683903
4150, 259.934221
4151, 259.997179
4152, 259.918355
4153, 259.892531
4154, 260.020988
4155, 260.172840
4156, 260.563589
4157, 260.433435
4158, 260.560338
4159, 260.664239
4160, 260.816076
4161, 260.757093
4162, 260.689867
4163, 260.687304
4164, 260.779832
4165, 260.699351
4166, 260.921754
4167, 261.014703
4168, 260.948727
4169, 260.950484
4170, 260.955781
4171, 261.253338
4172, 261.627520
4173, 261.452045
4174, 261.652600
4175, 261.676092
4176, 261.683528
4177, 261.677657
4178, 261.663709
4179, 262.025074
4180, 261.667990
4181, 261.778528
4182, 261.941787
4183, 261.902723
4184, 261.914395
4185, 262.145713
4186, 261.928438
4187, 262.226439
4188, 262.616347
4189, 258.102746
4190, 262.440701
4191, 262.735889
4192, 262.660661
4193, 262.700947
4194, 262.748292
4195, 262.684384
4196, 262.769834
4197, 262.709778
4198, 262.961469
4199, 262.941940
4200, 262.941350
4201, 262.932475
4202, 262.932372
4203, 263.185282
4204, 263.441582
4205, 263.481882
4206, 263.412537
4207, 263.654670
4208, 263.661818
4209, 263.734495
4210, 263.691752
4211, 263.639055
4212, 263.647045
4213, 8795934.016046
4214, 263.908582
4215, 263.906753
4216, 264.064788
4217, 8795857.296839
4218, 264.002335
4219, 264.142026
4220, 264.613326
4221, 264.414716
4222, 264.419562
4223, 264.791873
4224, 264.664552
4225, 264.723975
4226, 264.663678
4227, 264.726214
4228, 264.753762
4229, 264.735478
4230, 264.940121
4231, 265.017886
4232, 264.967121
4233, 264.990398
4234, 264.916953
4235, 265.165598
4236, 265.406029
4237, 265.311496
4238, 265.542207
4239, 265.657818
4240, 265.852841
4241, 17592100.157881
4242, 265.852878
4243, 265.630824
4244, 265.701455
4245, 8795877.471538
4246, 265.910498
4247, 265.938071
4248, 265.995430
4249, 265.976292
4250, 266.078227
4251, 266.137170
4252, 266.447592
4253, 266.529944
4254, 266.455718
4255, 266.634573
4256, 266.693404
4257, 266.635647
4258, 266.653684
4259, 266.714278
4260, 266.652780
4261, 266.654420
4262, 266.916976
4263, 266.906661
4264, 266.865344
4265, 266.912140
4266, 266.932744
4267, 267.151421
4268, 267.396775
4269, 267.418575
4270, 267.502660
4271, 267.643745
4272, 267.755787
4273, 267.664838
4274, 267.705523
4275, 267.659227
4276, 267.618465
4277, 267.697019
4278, 267.950111
4279, 267.864921
4280, 267.906013
4281, 267.906069
4282, 267.881885
4283, 268.166319
4284, 268.504428
4285, 268.392937
4286, 268.380538
4287, 268.626535
4288, 8796297.831194
4289, 268.692426
4290, 268.669095
4291, 268.644599
4292, 8795939.867221
4293, 268.647288
4294, 268.933903
4295, 268.983219
4296, 268.952560
4297, 268.902570
4298, 268.994293
4299, 269.231269
4300, 269.463078
4301, 269.452676
4302, 269.469772
4303, 269.630113
4304, 269.636613
4305, 269.632136
4306, 269.639568
4307, 8795953.492691
4308, 269.691989
4309, 269.671980
4310, 269.976404
4311, 17591970.520589
4312, 269.937692
4313, 270.028108
4314, 269.946363
4315, 8795839.718591
4316, 270.373427
4317, 270.541780
4318, 270.365443
4319, 270.701824
4320, 270.599710
4321, 270.669067
4322, 270.621534
4323, 270.613733
4324, 270.679424
4325, 270.647246
4326, 271.069145
4327, 270.872390
4328, 270.893964
4329, 270.910940
4330, 255.105044
4331, 271.260819
4332, 271.381694
4333, 271.369443
4334, 8795838.572956
4335, 271.645652
4336, 271.656165
4337, 271.723197
4338, 271.687981
4339, 271.728722
4340, 271.693242
4341, 271.592224
4342, 271.886416
4343, 271.848744
4344, 271.900990
4345, 272.068678
4346, 271.872079
4347, 272.168856
4348, 272.359155
4349, 272.411711
4350, 272.520898
4351, 272.676867
4352, 272.607620
4353, 272.641378
4354, 272.636890
4355, 272.689437
4356, 272.656042
4357, 272.677589
4358, 273.076681
4359, 272.979278
4360, 272.938086
4361, 272.914392
4362, 273.017272
4363, 273.133817
4364, 273.393455
4365, 273.573270
4366, 273.409353
4367, 273.813914
4368, 273.667987
4369, 273.692506
4370, 273.764872
4371, 273.630391
4372, 273.583916
4373, 273.630795
4374, 273.863893
4375, 273.930009
4376, 273.902951
4377, 274.035586
4378, 273.854815
4379, 274.109561
4380, 274.341125
4381, 274.345333
4382, 274.393008
4383, 274.590685
4384, 274.596423
4385, 274.566178
4386, 274.619988
4387, 274.699072
4388, 274.615685
4389, 274.608680
4390, 274.853883
4391, 274.879254
4392, 274.793740
4393, 274.819385
4394, 274.850275
4395, 275.197316
4396, 275.318613
4397, 275.372017
4398, 275.414859
4399, 275.732604
4400, 275.660142
4401, 275.594992
4402, 275.704254
4403, 8795834.571802
4404, 275.581671
4405, 275.611024
4406, 275.874022
4407, 275.836607
4408, 275.911829
4409, 276.101879
4410, 275.974904
4411, 276.213179
4412, 276.387423
4413, 276.453477
4414, 276.421587
4415, 276.630566
4416, 276.717593
4417, 276.888691
4418, 276.631169
4419, 276.694682
4420, 276.603211
4421, 276.647220
4422, 8795883.372161
4423, 276.942263
4424, 276.897207
4425, 276.991770
4426, 8795861.451807
4427, 277.143279
4428, 277.487646
4429, 277.508453
4430, 8795832.775158
4431, 277.658006
4432, 277.713257
4433, 277.609485
4434, 277.626239
4435, 277.677559
4436, 277.607432
4437, 277.615319
4438, 277.850530
4439, 277.833373
4440, 277.885818
4441, 277.862829
4442, 277.846395
4443, 278.197143
4444, 278.467741
4445, 8796115.944110
4446, 278.346163
4447, 278.584739
4448, 278.619998
4449, 8796327.584321
4450, 278.620761
4451, 278.729988
4452, 278.743782
4453, 278.630384
4454, 279.013480
4455, 278.962771
4456, 278.855749
4457, 278.917217
4458, 278.988753
4459, 279.195551
4460, 279.472265
4461, 279.509792
4462, 279.632044
4463, 279.627814
4464, 279.871624
4465, 279.746219
4466, 279.719050
4467, 279.650848
4468, 279.652943
4469, 279.835614
4470, 279.983408
4471, 8795854.836172
4472, 279.820472
4473, 279.955994
4474, 279.977915
4475, 8795830.273663
4476, 280.339251
4477, 280.399652
4478, 280.414884
4479, 280.651316
4480, 280.878010
4481, 280.721345
4482, 280.629448
4483, 280.588992
4484, 280.727568
4485, 280.752753
4486, 281.016211
4487, 280.958947
4488, 280.882553
4489, 280.881741
4490, 280.982370
4491, 281.121774
4492, 281.364505
4493, 281.364127
4494, 281.643574
4495, 281.585286
4496, 281.720717
4497, 281.711955
4498, 281.698871
4499, 281.598370
4500, 281.839848
4501, 281.597042
4502, 282.165346
4503, 281.941618
4504, 281.821573
4505, 281.929036
4506, 281.982802
4507, 282.072157
4508, 282.467511
4509, 282.495179
4510, 282.345688
4511, 282.579522
4512, 8795982.982427
4513, 282.692455
4514, 282.884624
4515, 282.599784
4516, 17592093.430182
4517, 282.571378
4518, 282.973560
4519, 282.836101
4520, 8796009.467462
4521, 282.951105
4522, 282.864178
4523, 283.131940
4524, 283.452903
4525, 283.589283
4526, 283.471066
4527, 283.832125
4528, 283.557131
4529, 283.666642
4530, 283.734490
4531, 283.717186
4532, 283.675953
4533, 283.646467
4534, 8795851.231622
4535, 284.010494
4536, 283.927348
4537, 283.891971
4538, 17591980.407933
4539, 284.191611
4540, 284.318243
4541, 284.672197
4542, 8795826.213904
4543, 284.677496
4544, 284.707069
4545, 284.586413
4546, 284.715970
4547, 284.607591
4548, 284.724076
4549, 284.603702
4550, 284.966324
4551, 284.836295
4552, 284.824133
4553, 284.866782
4554, 284.846690
4555, 285.090473
4556, 285.344983
4557, 285.640540
4558, 285.335108
4559, 285.787786
4560, 8795844.072568
4561, 285.713623
4562, 285.636904
4563, 285.659507
4564, 8795862.579030
4565, 285.607769
4566, 286.039674
4567, 285.869251
4568, 285.825305
4569, 285.893263
4570, 285.824631
4571, 286.063327
4572, 286.272268
4573, 286.559380
4574, 286.441777
4575, 286.647816
4576, 286.686880
4577, 286.710141
4578, 286.554052
4579, 286.680946
4580, 286.570176
4581, 286.835448
4582, 17591939.960086
4583, 286.835449
4584, 286.839162
4585, 286.945144
4586, 8795875.666015
4587, 287.038368
4588, 287.399579
4589, 287.301133
4590, 287.441541
4591, 287.545963
4592, 287.692583
4593, 287.665438
4594, 287.706898
4595, 287.665702
4596, 287.629164
4597, 287.799193
4598, 287.949076
4599, 287.908117
4600, 282.903089
4601, 288.074606
4602, 287.913180
4603, 288.161018
4604, 8795884.604548
4605, 288.298185
4606, 288.313805
4607, 288.692099
4608, 8795929.351278
4609, 288.568750
4610, 288.611206
4611, 288.578184
4612, 288.525552
4613, 288.569226
4614, 288.809990
4615, 288.820222
4616, 288.822567
4617, 288.827466
4618, 288.833845
4619, 289.109325
4620, 289.297373
4621, 289.314577
4622, 8795908.581864
4623, 289.552112
4624, 289.568324
4625, 289.619395
4626, 17592082.211479
4627, 289.539837
4628, 289.505826
4629, 289.500746
4630, 289.912775
4631, 289.783280
4632, 289.837761
4633, 289.761776
4634, 289.770879
4635, 290.050101
4636, 290.285885
4637, 290.545809
4638, 290.323395
4639, 290.640180
4640, 290.617562
4641, 290.505003
4642, 290.547338
4643, 290.682081
4644, 8796062.707051
4645, 290.534408
4646, 290.882136
4647, 290.803329
4648, 290.802373
4649, 290.784822
4650, 290.782794
4651, 291.037145
4652, 291.284835
4653, 291.340528
4654, 291.344216
4655, 291.522717
4656, 291.558261
4657, 291.592784
4658, 291.544048
4659, 291.534008
4660, 291.509736
4661, 291.574647
4662, 291.764458
4663, 291.795441
4664, 291.777801
4665, 291.778523
4666, 291.758658
4667, 292.160587
4668, 292.398440
4669, 8795830.479190
4670, 292.375135
4671, 292.670185
4672, 292.638324
4673, 8795818.712086
4674, 292.662226
4675, 292.530366
4676, 292.633750
4677, 292.541081
4678, 292.782207
4679, 292.774692
4680, 292.915028
4681, 292.929996
4682, 292.838029
4683, 293.149639
4684, 293.265013
4685, 293.552820
4686, 293.312499
4687, 8795942.289134
4688, 293.646371
4689, 293.798127
4690, 293.629713
4691, 8796325.973877
4692, 293.532783
4693, 293.745268
4694, 293.888478
4695, 293.887531
4696, 293.759574
4697, 293.760679
4698, 293.782387
4699, 294.030410
4700, 294.361768
4701, 294.415064
4702, 294.257208
4703, 294.510125
4704, 294.758008
4705, 294.621797
4706, 294.634830
4707, 294.634038
4708, 294.625464
4709, 294.523194
4710, 294.780154
4711, 294.823296
4712, 8795827.001084
4713, 294.789344
4714, 294.782104
4715, 295.171914
4716, 8795816.149730
4717, 295.274169
4718, 295.259088
4719, 295.509033
4720, 295.538365
4721, 295.491027
4722, 295.495638
4723, 295.587440
4724, 295.504766
4725, 295.559842
4726, 295.775290
4727, 295.886143
4728, 295.854403
4729, 295.865261
4730, 8796038.625105
4731, 295.993162
4732, 296.250642
4733, 296.350697
4734, 296.285489
4735, 296.506801
4736, 296.555903
4737, 296.505975
4738, 296.545828
4739, 296.528803
4740, 296.528577
4741, 296.616535
4742, 296.818743
4743, 296.884483
4744, 296.788555
4745, 296.796828
4746, 296.750995
4747, 297.033218
4748, 297.256842
4749, 297.268331
4750, 297.290251
4751, 8795870.550185
4752, 297.518438
4753, 297.519042
4754, 297.508406
4755, 17592107.437826
4756, 297.490606
4757, 297.497996
4758, 297.781100
4759, 297.842224
4760, 297.745566
4761, 297.739753
4762, 297.716379
4763, 298.101679
4764, 298.261708
4765, 298.292925
4766, 298.266424
4767, 298.484940
4768, 298.601562
4769, 298.452504
4770, 298.607246
4771, 298.495454
4772, 298.584246
4773, 298.558066
4774, 298.813047
4775, 298.918754
4776, 298.746516
4777, 298.874927
4778, 298.744894
4779, 298.953272
4780, 299.218353
4781, 299.272358
4782, 299.233123
4783, 299.454812
4784, 299.432100
4785, 299.591365
4786, 299.471679
4787, 299.513729
4788, 299.429667
4789, 299.457741
4790, 299.846697
4791, 299.694163
4792, 299.706793
4793, 8795920.564593
4794, 299.721496
4795, 299.947191
4796, 300.218886
4797, 300.349582
4798, 300.223900
4799, 300.559120
4800, 300.427578
4801, 300.456459
4802, 300.557843
4803, 300.472342
4804, 300.582747
4805, 300.505142
4806, 300.743889
4807, 300.732227
4808, 300.740887
4809, 300.728581
4810, 300.722408
4811, 300.976790
4812, 301.222632
4813, 301.262149
4814, 17591980.858746
4815, 301.455616
4816, 301.468980
4817, 301.581830
4818, 301.465133
4819, 301.499974
4820, 301.453933
4821, 301.544271
4822, 301.843841
4823, 301.714277
4824, 301.688233
4825, 301.749897
4826, 301.728869
4827, 301.962097
4828, 302.300263
4829, 302.312039
4830, 302.231601
4831, 8795889.607458
4832, 302.446309
4833, 302.435967
4834, 302.454460
4835, 8796331.269432
4836, 302.448587
4837, 302.469860
4838, 302.833287
4839, 302.718567
4840, 302.726447
4841, 302.743526
4842, 302.845689
4843, 302.957798
4844, 303.312899
4845, 303.330889
4846, 303.240047
4847, 303.591306
4848, 303.582062
4849, 303.618806
4850, 303.486376
4851, 303.748291
4852, 8795982.618909
4853, 303.557128
4854, 303.830973
4855, 303.816200
4856, 303.816740
4857, 304.077214
4858, 303.826635
4859, 304.044886
4860, 304.277380
4861, 304.310572
4862, 304.340406
4863, 304.431416
4864, 304.518632
4865, 304.438543
4866, 304.487108
4867, 304.447511
4868, 304.446522
4869, 304.560695
4870, 304.716609
4871, 304.742423
4872, 304.705600
4873, 304.821803
4874, 304.735141
4875, 305.035783
4876, 305.169183
4877, 305.213514
4878, 305.169555
4879, 305.453188
4880, 8795872.704114
4881, 305.543139
4882, 305.403604
4883, 305.409950
4884, 305.513577
4885, 305.403625
4886, 305.670563
4887, 305.715520
4888, 305.647565
4889, 305.677677
4890, 305.656240
4891, 305.903592
4892, 306.250190
4893, 306.205240
4894, 306.272662
4895, 306.391496
4896, 306.390764
4897, 8795897.149108
4898, 306.432993
4899, 306.505412
4900, 306.520986
4901, 306.486182
4902, 306.660450
4903, 306.657449
4904, 306.700392
4905, 306.853520
4906, 306.775040
4907, 306.926553
4908, 307.144540
4909, 307.262662
4910, 307.177969
4911, 307.367564
4912, 307.456019
4913, 307.390499
4914, 8795916.705966
4915, 307.437041
4916, 307.448548
4917, 307.374862
4918, 307.651824
4919, 307.708478
4920, 307.706597
4921, 307.622729
4922, 307.740890
4923, 307.945518
4924, 308.138512
4925, 308.142507
4926, 308.151303
4927, 308.499176
4928, 308.431099
4929, 308.378621
4930, 308.390432
4931, 308.391913
4932, 308.418650
4933, 308.492818
4934, 308.801438
4935, 308.768342
4936, 308.634491
4937, 308.729932
4938, 8795803.481268
4939, 308.936668
4940, 309.152088
4941, 309.159694
4942, 8796005.471510
4943, 309.396684
4944, 309.499585
4945, 309.402217
4946, 309.415995
4947, 309.434167
4948, 309.380566
4949, 309.369828
4950, 309.637131
4951, 309.645929
4952, 309.721167
4953, 309.647660
4954, 309.633445
4955, 8795920.301800
4956, 310.141686
4957, 310.232530
4958, 310.140497
4959, 310.411559
4960, 310.394832
4961, 310.436443
4962, 8795801.980853
4963, 310.461160
4964, 310.434657
4965, 310.385271
4966, 310.657881
4967, 310.656675
4968, 310.648713
4969, 310.647001
4970, 310.619647
4971, 310.926448
4972, 311.142066
4973, 311.170408
4974, 311.149955
4975, 311.362440
4976, 311.367206
4977, 311.364320
4978, 311.382152
4979, 17592008.677913
4980, 311.378143
4981, 311.418849
4982, 311.643834
4983, 311.618265
4984, 311.625932
4985, 311.617023
4986, 311.723798
4987, 311.943790
4988, 312.129550
4989, 312.107172
4990, 312.133521
4991, 312.340626
4992, 312.354615
4993, 312.364444
4994, 312.455416
4995, 312.538571
4996, 312.314298
4997, 312.373450
4998, 312.727269
4999, 8795799.884994
5000, 312.799926
5001, 312.768215
5002, 312.662575
5003, 8795950.081131
5004, 313.237713
5005, 313.180586
5006, 313.140904
5007, 313.505607
5008, 313.389749
5009, 313.482562
5010, 313.386588
5011, 313.359911
5012, 313.349839
5013, 313.360799
5014, 313.691185
5015, 313.620296
5016, 8795962.936412
5017, 313.619804
5018, 313.619862
5019, 313.939858
5020, 314.300347
5021, 314.146721
5022, 314.249633
5023, 8795797.988781
5024, 314.351150
5025, 314.447654
5026, 314.490939
5027, 314.547408
5028, 314.416110
5029, 314.355027
5030, 314.630291
5031, 314.715522
5032, 314.689611
5033, 314.615362
5034, 314.785510
5035, 314.904818
5036, 8795854.714882
5037, 315.335998
5038, 315.097161
5039, 315.405582
5040, 315.529540
5041, 315.359487
5042, 315.348979
5043, 8795797.274601
5044, 315.416525
5045, 315.337750
5046, 315.791850
5047, 315.578137
5048, 315.758219
5049, 315.636245
5050, 315.602128
5051, 315.841125
5052, 316.212730
5053, 316.192139
5054, 316.135265
5055, 316.369242
5056, 8795799.799629
5057, 316.339852
5058, 316.375327
5059, 316.367139
5060, 8796359.971130
5061, 316.369063
5062, 316.628991
5063, 8795795.986803
5064, 316.781857
5065, 316.609031
5066, 316.827923
5067, 316.886349
5068, 317.173599
5069, 317.441486
5070, 317.115537
5071, 317.352439
5072, 317.409101
5073, 317.368041
5074, 317.345695
5075, 317.525811
5076, 307.819244
5077, 317.354281
5078, 317.897524
5079, 317.579672
5080, 8796373.715372
5081, 317.792574
5082, 317.629173
5083, 8795794.983361
5084, 318.098103
5085, 318.402056
5086, 318.108534
5087, 318.358089
5088, 318.339659
5089, 318.333381
5090, 318.356323
5091, 318.393529
5092, 318.352363
5093, 318.412510
5094, 318.757051
5095, 318.724131
5096, 8795824.833735
5097, 318.628586
5098, 318.659521
5099, 318.838218
5100, 319.181886
5101, 319.080039
5102, 319.103633
5103, 8795793.595871
5104, 319.335089
5105, 319.342592
5106, 319.349332
5107, 319.612202
5108, 319.374844
5109, 319.331637
5110, 319.610093
5111, 319.619882
5112, 319.647051
5113, 319.867240
5114, 319.673830
5115, 319.823287
5116, 8795921.024116
5117, 320.097938
5118, 320.087165
5119, 320.451186
5120, 320.343473
5121, 320.313837
5122, 320.347512
5123, 8795865.039175
5124, 320.397060
5125, 320.346893
5126, 320.586810
5127, 320.627684
5128, 320.644217
5129, 320.586380
5130, 320.563798
5131, 320.865064
5132, 321.083348
5133, 321.059948
5134, 321.180604
5135, 321.395304
5136, 8796054.762409
5137, 321.333158
5138, 321.312246
5139, 8795791.576466
5140, 321.443139
5141, 321.505978
5142, 321.579105
5143, 321.572352
5144, 321.574358
5145, 321.553990
5146, 321.595537
5147, 321.806576
5148, 322.054775
5149, 322.061667
5150, 322.209240
5151, 322.301946
5152, 322.304157
5153, 322.308514
5154, 322.363054
5155, 322.312952
5156, 322.330224
5157, 322.338562
5158, 322.603971
5159, 17592007.289425
5160, 322.665017
5161, 322.563054
5162, 322.790176
5163, 322.918807
5164, 323.144206
5165, 323.139200
5166, 323.183270
5167, 323.393553
5168, 323.436602
5169, 323.420339
5170, 323.306563
5171, 323.307741
5172, 323.319228
5173, 323.411877
5174, 323.694656
5175, 8795815.025505
5176, 323.633855
5177, 323.563300
5178, 323.648272
5179, 324.012233
5180, 324.285098
5181, 324.045811
5182, 8795789.142109
5183, 324.423175
5184, 324.323827
5185, 324.299534
5186, 324.345342
5187, 324.306019
5188, 324.307040
5189, 324.323552
5190, 324.572030
5191, 324.567440
5192, 324.581905
5193, 324.560104
5194, 324.592046
5195, 8796098.167985
5196, 325.041521
5197, 325.180666
5198, 8795788.075009
5199, 325.295622
5200, 325.315082
5201, 325.411647
5202, 325.387220
5203, 325.390922
5204, 325.526387
5205, 325.303486
5206, 325.677142
5207, 325.624615
5208, 325.642288
5209, 325.752894
5210, 325.538910
5211, 326.007289
5212, 326.021799
5213, 326.127462
5214, 326.214241
5215, 326.385163
5216, 326.519885
5217, 326.390592
5218, 326.289535
5219, 326.410813
5220, 326.307634
5221, 8795787.041446
5222, 326.683110
5223, 326.643826
5224, 326.521806
5225, 326.544661
5226, 326.794135
5227, 326.883248
5228, 327.110210
5229, 327.142721
5230, 327.137177
5231, 327.301073
5232, 327.285659
5233, 327.513600
5234, 327.377830
5235, 327.292631
5236, 327.376948
5237, 17591925.482195
5238, 327.633451
5239, 327.618774
5240, 327.535021
5241, 327.749800
5242, 327.635834
5243, 327.855882
5244, 328.276469
5245, 328.144701
5246, 328.068425
5247, 328.331791
5248, 328.378033
5249, 328.311125
5250, 328.557674
5251, 328.315798
5252, 328.425290
5253, 8795886.832453
5254, 328.821757
5255, 328.639216
5256, 328.550634
5257, 328.641481
5258, 328.542057
5259, 328.826050
5260, 8795955.315360
5261, 329.035569
5262, 329.142481
5263, 329.379494
5264, 329.296589
5265, 329.382136
5266, 329.526173
5267, 329.282917
5268, 329.251786
5269, 329.262354
5270, 329.533005
5271, 329.619292
5272, 329.521178
5273, 329.604999
5274, 329.549014
5275, 329.778836
5276, 8796398.908938
5277, 330.287130
5278, 330.006715
5279, 8795783.252482
5280, 330.293567
5281, 330.250695
5282, 330.394949
5283, 330.294643
5284, 330.278697
5285, 330.378694
5286, 330.553538
5287, 330.654688
5288, 330.531303
5289, 330.556205
5290, 330.663075
5291, 330.817999
5292, 331.019843
5293, 331.240857
5294, 331.027217
5295, 17592040.733926
5296, 331.337693
5297, 331.258701
5298, 331.260124
5299, 331.398962
5300, 331.357241
5301, 331.234595
5302, 331.686465
5303, 331.516912
5304, 331.595923
5305, 331.539178
5306, 331.636116
5307, 331.856237
5308, 332.103353
5309, 332.188454
5310, 332.018748
5311, 8796130.890312
5312, 332.233702
5313, 332.286174
5314, 8795843.601917
5315, 332.266639
5316, 332.292767
5317, 332.293331
5318, 332.521100
5319, 332.628351
5320, 332.541659
5321, 332.626978
5322, 332.603378
5323, 332.803328
5324, 333.039015
5325, 333.154182
5326, 333.043211
5327, 333.280585
5328, 333.275045
5329, 333.282991
5330, 8796045.514417
5331, 333.299746
5332, 333.260315
5333, 8795780.541058
5334, 333.652605
5335, 333.492925
5336, 333.532002
5337, 333.538091
5338, 333.498418
5339, 333.736350
5340, 333.991436
5341, 334.116240
5342, 334.006563
5343, 334.247292
5344, 334.248839
5345, 334.266931
5346, 334.260273
5347, 334.270852
5348, 334.325514
5349, 8796029.001762
5350, 334.530226
5351, 334.531319
5352, 8795779.363865
5353, 334.475706
5354, 334.520787
5355, 334.737314
5356, 335.049444
5357, 335.055385
5358, 335.030533
5359, 335.263939
5360, 335.338478
5361, 335.483977
5362, 335.333865
5363, 335.399215
5364, 335.438505
5365, 335.247802
5366, 335.537927
5367, 335.455039
5368, 8796047.585932
5369, 335.815487
5370, 335.605566
5371, 8795796.607942
5372, 336.030088
5373, 335.988424
5374, 336.120014
5375, 336.326018
5376, 336.328009
5377, 336.352384
5378, 336.410259
5379, 336.330439
5380, 336.364525
5381, 336.329340
5382, 336.761410
5383, 336.614682
5384, 336.510132
5385, 8795791.033148
5386, 336.600986
5387, 336.867994
5388, 336.974838
5389, 337.082576
5390, 337.093482
5391, 337.337659
5392, 8795999.121598
5393, 337.256820
5394, 337.324552
5395, 337.207287
5396, 337.328156
5397, 337.241216
5398, 337.488156
5399, 337.569087
5400, 337.471502
5401, 337.528394
5402, 337.566884
5403, 337.816399
5404, 8795881.696202
5405, 337.984482
5406, 337.983640
5407, 338.335455
5408, 338.185466
5409, 338.310239
5410, 338.374352
5411, 338.227346
5412, 338.243034
5413, 338.350585
5414, 338.505852
5415, 338.475267
5416, 338.569807
5417, 338.508123
5418, 338.498916
5419, 338.706152
5420, 338.961153
5421, 339.071185
5422, 339.007617
5423, 8796024.933333
5424, 339.209511
5425, 339.244727
5426, 8795794.462341
5427, 339.331424
5428, 339.293723
5429, 339.224370
5430, 339.510337
5431, 339.483558
5432, 339.546312
5433, 339.484792
5434, 339.466663
5435, 339.711960
5436, 339.955175
5437, 339.996176
5438, 340.087742
5439, 340.230653
5440, 340.229874
5441, 340.347147
5442, 340.239243
5443, 340.192732
5444, 340.253301
5445, 17592092.244713
5446, 340.506875
5447, 340.585849
5448, 8795773.622533
5449, 340.465673
5450, 340.524133
5451, 340.750191
5452, 340.965929
5453, 341.069384
5454, 341.075622
5455, 341.214340
5456, 341.220456
5457, 341.293478
5458, 341.456781
5459, 341.180893
5460, 341.314457
5461, 341.201891
5462, 341.601628
5463, 341.468575
5464, 341.460650
5465, 341.442345
5466, 341.463371
5467, 8796003.270269
5468, 341.943921
5469, 341.951881
5470, 341.990245
5471, 342.221880
5472, 342.182248
5473, 342.183886
5474, 342.337228
5475, 342.209948
5476, 342.288826
5477, 342.232374
5478, 342.480923
5479, 8796027.530892
5480, 342.477352
5481, 342.495800
5482, 8795819.614245
5483, 342.681591
5484, 342.966047
5485, 342.934972
5486, 342.990020
5487, 343.222373
5488, 343.223295
5489, 343.223940
5490, 343.214878
5491, 343.202958
5492, 343.292268
5493, 343.219536
5494, 343.455754
5495, 343.465182
5496, 343.417148
5497, 343.427283
5498, 343.434345
5499, 343.681962
5500, 344.054062
5501, 343.920401
5502, 343.958836
5503, 344.192024
5504, 8795929.577424
5505, 344.207808
5506, 344.342034
5507, 344.296499
5508, 344.186219
5509, 344.206350
5510, 344.475955
5511, 344.442570
5512, 344.541218
5513, 344.511894
5514, 344.532662
5515, 344.754806
5516, 8796007.756931
5517, 345.191516
5518, 345.014220
5519, 8795814.053424
5520, 345.262455
5521, 345.273053
5522, 345.564311
5523, 345.360780
5524, 345.331128
5525, 345.372918
5526, 345.676501
5527, 345.491019
5528, 345.491666
5529, 345.491281
5530, 345.654109
5531, 345.749042
5532, 346.049604
5533, 345.953046
5534, 346.009352
5535, 346.249713
5536, 346.237802
5537, 346.242620
5538, 346.296275
5539, 346.211398
5540, 346.273402
5541, 346.200560
5542, 346.439266
5543, 346.629230
5544, 346.506314
5545, 346.501947
5546, 346.523119
5547, 346.693991
5548, 346.917392
5549, 346.950302
5550, 346.993224
5551, 347.184214
5552, 347.256537
5553, 347.274960
5554, 347.256981
5555, 347.297920
5556, 17592061.786760
5557, 347.240421
5558, 347.540042
5559, 8795767.059130
5560, 347.480853
5561, 347.708672
5562, 347.504237
5563, 347.773015
5564, 348.119276
5565, 348.086187
5566, 348.004656
5567, 348.538105
5568, 348.254216
5569, 348.354299
5570, 348.287085
5571, 8795923.054345
5572, 348.398144
5573, 348.355262
5574, 8795766.262229
5575, 348.666292
5576, 348.628263
5577, 348.493373
5578, 348.545092
5579, 348.750824
5580, 349.299366
5581, 349.081425
5582, 349.016477
5583, 349.254821
5584, 349.250739
5585, 349.377025
5586, 349.234597
5587, 349.469876
5588, 349.262957
5589, 349.352650
5590, 349.667580
5591, 349.389160
5592, 349.745626
5593, 349.490686
5594, 349.400038
5595, 349.829447
5596, 350.101081
5597, 350.120067
5598, 349.975240
5599, 350.365489
5600, 350.235816
5601, 350.258483
5602, 350.380577
5603, 350.247023
5604, 350.246187
5605, 350.533605
5606, 350.617213
5607, 350.491758
5608, 350.588361
5609, 350.498612
5610, 350.405690
5611, 350.859997
5612, 350.877939
5613, 350.966877
5614, 8795763.914091
5615, 351.356087
5616, 351.237521
5617, 351.125963
5618, 351.285668
5619, 351.336918
5620, 351.226874
5621, 351.139093
5622, 351.390803
5623, 351.456717
5624, 351.398496
5625, 351.959829
5626, 351.410392
5627, 351.740220
5628, 351.907474
5629, 17592125.775688
5630, 351.933923
5631, 352.154562
5632, 8795852.439331
5633, 352.246491
5634, 352.318395
5635, 352.159946
5636, 352.510513
5637, 352.237676
5638, 352.421167
5639, 352.401112
5640, 352.426608
5641, 352.409950
5642, 352.486683
5643, 353.002827
5644, 352.984023
5645, 352.976768
5646, 353.110942
5647, 17592058.213233
5648, 353.356788
5649, 353.246232
5650, 8795761.851457
5651, 353.221836
5652, 353.315978
5653, 353.220230
5654, 353.591415
5655, 353.465514
5656, 353.445736
5657, 353.447471
5658, 353.473354
5659, 353.808193
5660, 354.083633
5661, 354.068280
5662, 8796087.025088
5663, 354.192411
5664, 354.185334
5665, 17592033.251293
5666, 354.221862
5667, 354.205036
5668, 8795760.930729
5669, 354.330309
5670, 354.486666
5671, 354.475878
5672, 354.485840
5673, 354.441084
5674, 354.481594
5675, 354.723151
5676, 355.070857
5677, 354.936929
5678, 354.977992
5679, 355.224101
5680, 8796087.939457
5681, 355.215005
5682, 355.506107
5683, 17592041.732553
5684, 355.198319
5685, 355.279600
5686, 8795759.757378
5687, 355.457451
5688, 355.554706
5689, 355.426680
5690, 355.464752
5691, 355.827409
5692, 355.987898
5693, 355.958127
5694, 356.071924
5695, 356.313508
5696, 356.195912
5697, 356.328731
5698, 356.398207
5699, 356.216782
5700, 356.231450
5701, 8796002.152612
5702, 356.614409
5703, 356.457416
5704, 8795758.640606
5705, 356.482894
5706, 356.451825
5707, 356.760524
5708, 356.980279
5709, 357.078614
5710, 357.063523
5711, 357.192272
5712, 357.190947
5713, 357.236814
5714, 357.204249
5715, 357.176089
5716, 357.165825
5717, 357.192122
5718, 357.488562
5719, 8796410.166241
5720, 357.428691
5721, 357.500523
5722, 8795931.044470
5723, 357.672187
5724, 357.941649
5725, 357.931748
5726, 357.940811
5727, 358.168533
5728, 358.288539
5729, 358.209523
5730, 358.120319
5731, 358.137710
5732, 358.102275
5733, 8796095.375444
5734, 358.503564
5735, 358.428928
5736, 17592065.058078
5737, 358.343166
5738, 358.350603
5739, 8795756.713769
5740, 358.828533
5741, 358.840444
5742, 358.958556
5743, 359.092041
5744, 359.318413
5745, 359.166779
5746, 359.209284
5747, 359.167490
5748, 359.312396
5749, 359.179328
5750, 359.429602
5751, 359.516731
5752, 359.424540
5753, 359.434945
5754, 359.425405
5755, 359.808991
5756, 359.941088
5757, 359.962997
5758, 360.090629
5759, 360.468906
5760, 360.198364
5761, 360.211611
5762, 360.161421
5763, 360.186725
5764, 360.201679
5765, 360.187202
5766, 360.479622
5767, 360.404927
5768, 360.381861
5769, 360.472962
5770, 360.451355
5771, 360.761945
5772, 360.881266
5773, 360.982562
5774, 360.962249
5775, 361.222562
5776, 361.335665
5777, 361.329580
5778, 361.191222
5779, 361.122424
5780, 361.176134
5781, 361.190961
5782, 361.558760
5783, 361.464223
5784, 361.534344
5785, 361.343756
5786, 8795938.924669
5787, 361.613083
5788, 361.926542
5789, 8795834.308385
5790, 361.858383
5791, 362.171223
5792, 8795753.233987
5793, 362.117513
5794, 362.185192
5795, 362.224551
5796, 362.198895
5797, 362.112342
5798, 362.363325
5799, 362.341339
5800, 362.418251
5801, 362.315875
5802, 362.369096
5803, 362.683359
5804, 362.920442
5805, 362.934843
5806, 362.848994
5807, 8796419.508711
5808, 363.055421
5809, 363.064602
5810, 8795988.780381
5811, 363.191363
5812, 363.063467
5813, 363.135027
