#OfArrays,  AverageCyclesAllArraysMeasured,  AverageCyclesAllArraysCalculated,  Calculated/Measured , MeasuredPerArray, CalculatedPerArray
1, 20.968487, 14.440213, 0.688663, 20.968487, 14.440213
2, 21.115517, 14.543613, 0.688764, 10.5577585, 7.2718065
3, 21.182988, 14.591677, 0.688839, 7.060996, 4.86389233333333
4, 21.386078, 14.733693, 0.688939, 5.3465195, 3.68342325
5, 22.737982, 15.666034, 0.688981, 4.5475964, 3.1332068
6, 24.848471, 17.11125, 0.688624, 4.14141183333333, 2.851875
7, 29.070391, 20.026564, 0.688899, 4.152913, 2.86093771428571
8, 35.175018, 24.239552, 0.689113, 4.39687725, 3.029944
9, 40.092105, 27.634461, 0.689274, 4.45467833333333, 3.07049566666667
10, 45.313014, 31.237114, 0.689363, 4.5313014, 3.1237114
11, 1954678.842572, 34.585335, 0.000018, 177698.076597455, 3.14412136363636
12, 56.137224, 38.668807, 0.688827, 4.678102, 3.22240058333333
13, 88.815936, 61.212939, 0.689211, 6.83199507692308, 4.70868761538462
14, 120.216742, 82.784451, 0.688627, 8.58691014285714, 5.91317507142857
15, 3909469.93132, 96.732849, 0.000025, 260631.328754667, 6.4488566
16, 149.331192, 102.846791, 0.688716, 9.3331995, 6.4279244375
17, 171.036947, 117.79687, 0.688722, 10.0609968823529, 6.92922764705882
18, 195.629269, 134.75516, 0.688829, 10.8682927222222, 7.48639777777778
19, 195.411039, 134.611702, 0.688864, 10.2847915263158, 7.08482642105263
20, 207.862319, 143.193021, 0.688884, 10.39311595, 7.15965105
21, 214.8949, 148.048289, 0.688933, 10.2330904761905, 7.04991852380952
22, 229.544465, 158.144635, 0.68895, 10.4338393181818, 7.1883925
23, 247.310614, 170.389657, 0.68897, 10.7526353913043, 7.40824595652174
24, 247.88104, 170.766076, 0.688903, 10.3283766666667, 7.11525316666667
25, 252.956276, 174.27983, 0.688972, 10.11825104, 6.9711932
26, 250.908864, 172.878167, 0.689008, 9.65034092307692, 6.64916026923077
27, 255.763321, 176.218079, 0.688989, 9.47271559259259, 6.52659551851852
28, 3909464.11109, 177.744352, 0.000045, 139623.718253214, 6.34801257142857
29, 259.148903, 178.552363, 0.688995, 8.93616906896552, 6.15697803448276
30, 3909374.676537, 185.379283, 0.000047, 130312.4892179, 6.17930943333333
31, 272.114332, 187.513344, 0.689098, 8.77788167741936, 6.0488175483871
32, 280.999199, 193.631649, 0.689083, 8.78122496875, 6.05098903125
33, 282.174465, 194.451676, 0.689119, 8.55074136363636, 5.89247503030303
34, 287.789611, 198.326068, 0.689136, 8.46440032352941, 5.83311964705882
35, 319.033656, 219.867386, 0.689167, 9.11524731428571, 6.28192531428571
36, 349.296448, 240.6995, 0.689098, 9.70267911111111, 6.68609722222222
37, 370.573905, 255.3779, 0.689142, 10.0155109459459, 6.90210540540541
38, 380.341052, 262.129486, 0.689196, 10.0089750526316, 6.89814436842105
39, 3909460.903825, 277.219719, 0.000071, 100242.587277564, 7.10819792307692
40, 426.150002, 293.727692, 0.689259, 10.65375005, 7.3431923
41, 3909771.591407, 293.030685, 0.000075, 95360.2827172439, 7.14708987804878
42, 3909374.676537, 302.223301, 0.000077, 93080.3494413571, 7.19579288095238
43, 445.710059, 307.197162, 0.689231, 10.3653502093023, 7.14412004651163
44, 461.808692, 318.291289, 0.689228, 10.4956520909091, 7.23389293181818
45, 490.097384, 337.770659, 0.689191, 10.8910529777778, 7.50601464444444
46, 489.890053, 337.632805, 0.689201, 10.6497837608696, 7.33984358695652
47, 3909423.617245, 337.229095, 0.000086, 83179.2258988298, 7.17508712765957
48, 489.269454, 337.232043, 0.689256, 10.193113625, 7.0256675625
49, 485.495894, 334.628677, 0.689251, 9.90807946938776, 6.82915667346939
50, 3909731.966473, 340.61254, 0.000087, 78194.63932946, 6.8122508
51, 517.969142, 356.998025, 0.689226, 10.1562576862745, 6.9999612745098
52, 521.064812, 359.127655, 0.689219, 10.0204771538462, 6.90630105769231
53, 514.686397, 354.752904, 0.68926, 9.71106409433962, 6.69345101886792
54, 521.208601, 359.216386, 0.689199, 9.65201112962963, 6.6521552962963
55, 514.936206, 355.161353, 0.689719, 9.36247647272727, 6.45747914545455
56, 517.281513, 356.815258, 0.689789, 9.237169875, 6.37170103571429
57, 3909853.56881, 365.440119, 0.000093, 68593.9222598246, 6.41123015789474
58, 532.124343, 367.083601, 0.689846, 9.17455763793103, 6.32902760344828
59, 543.897144, 375.211217, 0.689857, 9.21859566101695, 6.35951215254237
60, 541.740125, 373.736496, 0.689882, 9.02900208333333, 6.2289416
61, 3909742.197613, 384.117266, 0.000098, 64094.1343870984, 6.29700436065574
62, 3909637.561119, 382.918924, 0.000098, 63058.670340629, 6.17611167741935
63, 3909436.241053, 403.317682, 0.000103, 62054.5435087778, 6.40186796825397
64, 619.759845, 427.554919, 0.689872, 9.683747578125, 6.680545609375
65, 637.904606, 440.012366, 0.689778, 9.81391701538461, 6.76942101538461
66, 648.159779, 447.126518, 0.68984, 9.82060271212121, 6.77464421212121
67, 3909962.252326, 463.496134, 0.000119, 58357.6455571045, 6.91785274626866
68, 3910034.454106, 479.877153, 0.000123, 57500.5066780294, 7.05701695588235
69, 696.056155, 480.164161, 0.689835, 10.0877703623188, 6.95890088405797
70, 708.279316, 488.597178, 0.689837, 10.1182759428571, 6.97995968571429
71, 717.569937, 495.003391, 0.689833, 10.1066188309859, 6.97187874647887
72, 3909795.009994, 505.815912, 0.000129, 54302.7084721389, 7.025221
73, 3909939.713409, 514.911192, 0.000132, 53560.8179919041, 7.05357797260274
74, 740.927407, 511.056455, 0.689752, 10.012532527027, 6.90616831081081
75, 735.275685, 507.157856, 0.689752, 9.8036758, 6.76210474666667
76, 738.308485, 509.266345, 0.689774, 9.71458532894737, 6.70087296052632
77, 3909898.153237, 515.378452, 0.000132, 50777.898093987, 6.69322664935065
78, 3910078.950021, 515.625744, 0.000132, 50129.2173079615, 6.61058646153846
79, 745.865828, 514.466747, 0.689758, 9.44133959493671, 6.51223730379747
80, 752.184785, 518.84149, 0.689779, 9.4023098125, 6.485518625
81, 773.142111, 533.316702, 0.689804, 9.54496433333333, 6.58415681481481
82, 765.944467, 528.330649, 0.689777, 9.34078618292683, 6.44305669512195
83, 3909374.676537, 535.201947, 0.000137, 47100.8997173133, 6.44821622891566
84, 792.917264, 547.003738, 0.689862, 9.43949123809524, 6.51194926190476
85, 812.439629, 560.409577, 0.689786, 9.55811328235294, 6.59305384705882
86, 3909633.578928, 581.229977, 0.000149, 45460.8555689302, 6.75848810465116
87, 3909980.925122, 597.36754, 0.000153, 44942.3094841609, 6.86629356321839
88, 871.816402, 601.415864, 0.689842, 9.90700456818182, 6.83427118181818
89, 895.429965, 617.680197, 0.689814, 10.0610108426966, 6.94022693258427
90, 3909465.13069, 632.881031, 0.000162, 43438.5014521111, 7.03201145555556
91, 3909882.189843, 628.908273, 0.000161, 42965.7383499231, 6.91107992307692
92, 950.595545, 655.710019, 0.689789, 10.3325602717391, 7.12728281521739
93, 938.925891, 647.594403, 0.689718, 10.0959773225806, 6.96338067741936
94, 3909588.694539, 654.210638, 0.000167, 41591.3690908404, 6.95968763829787
95, 3910092.546586, 673.61278, 0.000172, 41158.8689114316, 7.09066084210526
96, 987.029254, 680.772804, 0.689719, 10.2815547291667, 7.091383375
97, 969.937621, 669.027812, 0.689764, 9.99935691752577, 6.89719393814433
98, 3909971.028095, 677.566864, 0.000173, 39897.6635519898, 6.91394759183673
99, 3909374.676537, 678.920312, 0.000174, 39488.6330963333, 6.85778092929293
100, 998.242567, 688.573231, 0.689785, 9.98242567, 6.88573231
101, 988.978771, 682.248505, 0.689852, 9.79186901980198, 6.75493569306931
102, 3909481.730583, 688.914427, 0.000176, 38328.2522606176, 6.75406300980392
103, 3909920.904254, 688.242763, 0.000176, 37960.3971286796, 6.68196857281553
104, 1018.607279, 702.612599, 0.689778, 9.79430075961538, 6.755890375
105, 3909587.112957, 702.100166, 0.00018, 37234.1629805429, 6.68666824761905
106, 3910215.382721, 712.739206, 0.000182, 36888.8243652925, 6.72395477358491
107, 1056.27976, 727.881531, 0.689099, 9.87177345794392, 6.80263113084112
108, 1089.545897, 750.833672, 0.689125, 10.0883879351852, 6.95216362962963
109, 3909552.914118, 759.30324, 0.000194, 35867.4579276881, 6.9660847706422
110, 3910305.845082, 772.647027, 0.000198, 35548.2349552909, 7.02406388181818
111, 1143.357253, 787.901383, 0.689112, 10.3005157927928, 7.09821065765766
112, 3910158.650462, 801.066436, 0.000205, 34912.1308076964, 7.15237889285714
113, 3909856.181275, 806.920431, 0.000206, 34600.4971794248, 7.1408887699115
114, 1187.478193, 818.370454, 0.689167, 10.416475377193, 7.17868819298246
115, 3909908.400084, 813.636883, 0.000208, 33999.2034789913, 7.07510333043478
116, 3909742.538902, 823.363578, 0.000211, 33704.6770595, 7.09796187931034
117, 1225.196273, 844.293579, 0.689109, 10.471763017094, 7.21618443589744
118, 3909815.447784, 849.642348, 0.000217, 33134.0292185085, 7.20035888135593
119, 3909549.223011, 843.645066, 0.000216, 32853.3548152185, 7.08945433613445
120, 1215.905082, 837.861182, 0.689084, 10.13254235, 6.98217651666667
121, 3909786.853247, 841.991895, 0.000215, 32312.2880433636, 6.95861070247934
122, 3909529.748374, 840.304261, 0.000215, 32045.3258063443, 6.8877398442623
123, 1224.096607, 843.621779, 0.689179, 9.95200493495935, 6.8587136504065
124, 3909822.993241, 848.367886, 0.000217, 31530.8305906532, 6.8416765
125, 3909607.630318, 859.999022, 0.00022, 31276.861042544, 6.879992176
126, 1255.925129, 865.667284, 0.689267, 9.96765975396825, 6.87037526984127
127, 3910004.705073, 860.688723, 0.00022, 30787.438622622, 6.77707655905512
128, 3909822.749247, 868.830122, 0.000222, 30545.4902284922, 6.787735328125
129, 1283.530067, 884.499345, 0.689115, 9.94984548062016, 6.85658406976744
130, 3910342.017358, 910.911925, 0.000233, 30079.5539796769, 7.00701480769231
131, 3910265.288908, 922.496738, 0.000236, 29849.3533504428, 7.04195983206107
132, 1354.225585, 933.225097, 0.689121, 10.2592847348485, 7.06988709848485
133, 3909929.441678, 944.58186, 0.000242, 29397.9657269023, 7.1021192481203
134, 1401.004169, 965.434222, 0.689102, 10.4552549925373, 7.204733
135, 3909555.520473, 968.295788, 0.000248, 28959.6705220222, 7.17256139259259
136, 7818961.130755, 974.31085, 0.000125, 57492.3612555515, 7.16405036764706
137, 1412.18722, 973.1267, 0.689092, 10.3079359124088, 7.10311459854015
138, 7818783.415135, 984.43516, 0.000126, 56657.8508343116, 7.13358811594203
139, 3910661.742263, 990.534153, 0.000253, 28134.2571385827, 7.12614498561151
140, 1462.049963, 1007.510972, 0.689108, 10.4432140214286, 7.19650694285714
141, 7818749.353074, 997.753772, 0.000128, 55452.1230714468, 7.07626788652482
142, 1457.631484, 1004.489519, 0.689124, 10.2650104507042, 7.07386985211268
143, 3910278.594417, 1005.629946, 0.000257, 27344.6055553636, 7.03237724475524
144, 3910409.56879, 1005.049318, 0.000257, 27155.6220054861, 6.97950915277778
145, 1470.85263, 1013.632306, 0.689146, 10.1438112413793, 6.99056762758621
146, 7818749.353074, 1011.012181, 0.000129, 53553.0777607808, 6.92474096575342
147, 1473.755011, 1015.5919, 0.689119, 10.025544292517, 6.90878843537415
148, 7818750.383719, 1022.785414, 0.000131, 52829.3944845878, 6.91071225675676
149, 3910725.018608, 1022.470233, 0.000261, 26246.476634953, 6.86221632885906
150, 3909376.499734, 1036.041615, 0.000265, 26062.5099982267, 6.9069441
151, 7819034.003055, 1051.245051, 0.000134, 51781.6821394371, 6.96188775496689
152, 1559.114622, 1074.438537, 0.689134, 10.2573330394737, 7.06867458552632
153, 7819293.338618, 1087.645008, 0.000139, 51106.492409268, 7.10879090196078
154, 1588.086984, 1094.384491, 0.689121, 10.3122531428571, 7.1063927987013
155, 3910167.216771, 1100.451099, 0.000281, 25226.8852694903, 7.09968450967742
156, 3910587.005812, 1125.62918, 0.000288, 25067.8654218718, 7.21557166666667
157, 3909526.53358, 1137.106163, 0.000291, 24901.4428890446, 7.24271441401274
158, 3909907.576285, 1127.428193, 0.000288, 24746.2504828165, 7.13562147468354
159, 1651.09536, 1137.714041, 0.689066, 10.3842475471698, 7.15543422012579
160, 7818749.353074, 1155.174186, 0.000148, 48867.1834567125, 7.2198386625
161, 1689.849196, 1164.450263, 0.689085, 10.4959577391304, 7.23261032919255
162, 7819366.37994, 1157.967374, 0.000148, 48267.6937033333, 7.14794675308642
163, 1691.368144, 1165.573812, 0.689131, 10.3764916809816, 7.15075958282209
164, 7818919.695249, 1172.636639, 0.00015, 47676.3396051768, 7.15022340853659
165, 1700.946862, 1172.141681, 0.689111, 10.3087688606061, 7.10388897575758
166, 3910158.039761, 1168.259232, 0.000299, 23555.1689142229, 7.03770621686747
167, 3910818.670518, 1175.383738, 0.000301, 23418.0758713653, 7.0382259760479
168, 3909766.84836, 1170.131201, 0.000299, 23272.4217164286, 6.96506667261905
169, 3910307.697092, 1183.816913, 0.000303, 23137.9153674083, 7.00483380473373
170, 3909434.970715, 1181.146957, 0.000302, 22996.6762983235, 6.94792327647059
171, 3909988.421841, 1183.263291, 0.000303, 22865.4293674912, 6.91966836842105
172, 1740.689126, 1199.565562, 0.689133, 10.1202856162791, 6.97421838372093
173, 7819189.786638, 1232.389333, 0.000158, 45197.6288244971, 7.12363776300578
174, 1813.287333, 1249.569259, 0.689118, 10.4211915689655, 7.18143252298851
175, 7819152.660948, 1257.043639, 0.000161, 44680.8723482743, 7.18310650857143
176, 1829.748439, 1260.807158, 0.68906, 10.3962979488636, 7.16367703409091
177, 7819183.986234, 1281.395189, 0.000164, 44176.1807131864, 7.23952084180791
178, 1880.32864, 1295.779215, 0.689124, 10.5636440449438, 7.27965851123596
179, 7819386.603962, 1296.977717, 0.000166, 43683.7240444804, 7.2456855698324
180, 1896.431275, 1309.616579, 0.690569, 10.5357293055556, 7.27564766111111
181, 3910262.396848, 1305.87087, 0.000334, 21603.6596510939, 7.2147561878453
182, 3909618.276036, 1319.726671, 0.000338, 21481.4190990989, 7.25124544505494
183, 3910546.079834, 1327.889068, 0.00034, 21369.104261388, 7.25622441530055
184, 3909943.989403, 1335.482756, 0.000342, 21249.6955945815, 7.25805845652174
185, 3910942.431967, 1347.365516, 0.000345, 21140.2293619838, 7.28305684324324
186, 3910358.801285, 1345.015872, 0.000344, 21023.4344155108, 7.23126812903226
187, 1930.790585, 1330.895181, 0.689301, 10.325083342246, 7.11708652941177
188, 7819097.266512, 1336.263817, 0.000171, 41590.9429069787, 7.1077862606383
189, 1957.326525, 1349.361308, 0.68939, 10.356225, 7.13947782010582
190, 7819568.509925, 1345.701121, 0.000172, 41155.6237364474, 7.08263747894737
191, 1964.903227, 1354.537664, 0.689366, 10.2874514502618, 7.09182023036649
192, 7818914.895935, 1348.180567, 0.000172, 40723.5150829948, 7.02177378645833
193, 1964.379425, 1354.048836, 0.689301, 10.1781317357513, 7.01579707772021
194, 7819503.96952, 1341.275756, 0.000172, 40306.7214923711, 6.91379255670103
195, 3909695.513918, 1391.397537, 0.000356, 20049.7205841949, 7.13537198461538
196, 3910845.29191, 1408.327258, 0.00036, 19953.2923056633, 7.18534315306122
197, 7818818.029747, 1425.590378, 0.000182, 39689.4316230812, 7.23649938071066
198, 2059.610328, 1419.775557, 0.689342, 10.4020723636364, 7.17058362121212
199, 7819641.331343, 1441.462736, 0.000184, 39294.680057, 7.24353133668342
200, 2128.316848, 1467.374233, 0.689453, 10.64158424, 7.336871165
201, 7819463.909664, 1458.524671, 0.000187, 38902.8055207164, 7.25634164676617
202, 3909890.736668, 1473.189529, 0.000377, 19355.8947359802, 7.29301747029703
203, 3911125.736759, 1477.874594, 0.000378, 19266.6292451182, 7.2801704137931
204, 7819294.076742, 1484.037297, 0.00019, 38329.8729252059, 7.27469263235294
205, 2181.778693, 1504.01446, 0.689352, 10.6428228926829, 7.33665590243903
206, 11728650.98883, 1494.74816, 0.000127, 56935.1989749029, 7.25605902912621
207, 3909780.333576, 1501.654537, 0.000384, 18887.8276984348, 7.25436974396135
208, 3911131.805527, 1487.576926, 0.00038, 18803.5182958029, 7.15181214423077
209, 7819328.401071, 1510.058093, 0.000193, 37413.0545505789, 7.22515833971292
210, 2175.289978, 1499.535658, 0.68935, 10.3585237047619, 7.14064599047619
211, 7819695.585119, 1652.652412, 0.000211, 37060.1686498531, 7.83247588625592
212, 3910228.240932, 1509.450797, 0.000386, 18444.4728345849, 7.12005092924528
213, 2198.19569, 1515.244253, 0.689313, 10.3201675586854, 7.11382278403756
214, 15637498.706147, 1524.43055, 0.000097, 73072.4238605, 7.12350724299065
215, 2216.358975, 1527.804847, 0.689331, 10.3086463953488, 7.10606905581395
216, 3910754.263193, 1536.332042, 0.000393, 18105.3438110787, 7.11264834259259
217, 7819142.280167, 1549.194323, 0.000198, 36032.9137334885, 7.13914434562212
218, 2284.939749, 1575.36475, 0.689456, 10.4813749954128, 7.22644380733945
219, 7819606.63129, 1590.40902, 0.000203, 35705.9663529224, 7.26214164383562
220, 3910323.829174, 1588.187469, 0.000406, 17774.1992235182, 7.21903395
221, 2326.518286, 1603.945225, 0.689419, 10.5272320633484, 7.25767070135747
222, 7819212.673356, 1604.997558, 0.000205, 35221.6787088108, 7.22971872972973
223, 3910004.437641, 1619.630299, 0.000414, 17533.6521867309, 7.26291613901345
224, 2366.541604, 1631.471975, 0.689391, 10.564917875, 7.28335703125
225, 7819041.897857, 1645.638782, 0.00021, 34751.2973238089, 7.31395014222222
226, 3909927.315408, 1653.383292, 0.000423, 17300.5633425133, 7.31585527433628
227, 2406.805152, 1659.458611, 0.689486, 10.6026658678414, 7.31039035682819
228, 7819094.958395, 1658.76156, 0.000212, 34294.2761333114, 7.27527
229, 3910030.757707, 1671.14789, 0.000427, 17074.3701209913, 7.29758903930131
230, 2427.477486, 1673.925631, 0.689574, 10.5542499391304, 7.27793752608696
231, 7819286.874645, 1663.280044, 0.000213, 33849.7267300649, 7.20034651082251
232, 3910260.838564, 1670.630387, 0.000427, 16854.5725800172, 7.20099304741379
233, 2424.554535, 1815.466416, 0.748783, 10.4058134549356, 7.79170135622318
234, 7819870.634748, 1682.533588, 0.000215, 33418.2505758462, 7.19031447863248
235, 7819230.452865, 1677.368554, 0.000215, 33273.3210760213, 7.13773852765957
236, 2474.08557, 1714.535341, 0.692998, 10.4834134322034, 7.26498025847458
237, 3911067.393763, 1707.197346, 0.000437, 16502.3940665105, 7.20336432911392
238, 15637498.706147, 1697.475358, 0.000109, 65703.7760762479, 7.13224940336134
239, 3909842.574776, 1740.918228, 0.000445, 16359.1739530377, 7.28417668619247
240, 2507.711917, 1744.187719, 0.69553, 10.4487996541667, 7.26744882916667
241, 11729129.189218, 1741.598876, 0.000148, 48668.5858473776, 7.2265513526971
242, 11728973.889706, 1774.025088, 0.000151, 48466.8342549835, 7.33068218181818
243, 3910075.965468, 1788.581151, 0.000457, 16090.8475945185, 7.36041625925926
244, 2610.726676, 1811.987228, 0.694055, 10.6996994918033, 7.42617716393443
245, 3911347.833066, 1800.987312, 0.00046, 15964.6850329224, 7.35096862040816
246, 11728963.673517, 1826.192218, 0.000156, 47678.7141199878, 7.42354560162602
247, 11729018.04968, 1838.69456, 0.000157, 47485.9030351417, 7.44410753036437
248, 3910233.093959, 1850.649943, 0.000473, 15767.068927254, 7.46229815725806
249, 2661.837738, 1847.588813, 0.694103, 10.6901113975904, 7.4200353935743
250, 3911770.330028, 1859.900694, 0.000475, 15647.081320112, 7.439602776
251, 11729543.843388, 1878.827978, 0.00016, 46731.2503720637, 7.48537043027888
252, 15637940.169578, 1868.403507, 0.000119, 62055.318133246, 7.41429963095238
253, 11728735.363123, 1864.518856, 0.000159, 46358.6377989051, 7.36963974703557
254, 3910064.238683, 1881.052169, 0.000481, 15393.9536956024, 7.4057172007874
255, 2685.237999, 1876.03293, 0.698647, 10.5303450941176, 7.35699188235294
256, 2701.519176, 2046.064547, 0.757376, 10.55280928125, 7.99243963671875
257, 7820252.391255, 1908.450763, 0.000244, 30428.9976313424, 7.42587845525292
258, 11728467.047816, 1929.200346, 0.000164, 45459.174603938, 7.47752072093023
259, 7819054.785861, 1925.134884, 0.000246, 30189.40071761, 7.43295322007722
260, 3909572.550259, 1940.964321, 0.000496, 15036.8175009962, 7.46524738846154
261, 2759.730106, 1954.66304, 0.708281, 10.5736785670498, 7.48913042145594
262, 7820393.285388, 1977.152012, 0.000253, 29848.829333542, 7.54638172519084
263, 11728700.324017, 1990.440348, 0.00017, 44595.8187224981, 7.56821425095057
264, 11728163.469789, 2230.426829, 0.00019, 44424.8616279886, 8.44858647348485
265, 7818844.849028, 2022.3658, 0.000259, 29505.0749019925, 7.63156905660377
266, 3909566.618726, 2042.546818, 0.000522, 14697.618867391, 7.67874743609023
267, 2888.169208, 2043.439579, 0.707521, 10.8171131385768, 7.65333175655431
268, 3911316.898333, 2042.895936, 0.000522, 14594.466038556, 7.62274602985075
269, 7819815.966174, 2045.304612, 0.000262, 29069.9478296431, 7.60336286988848
270, 11728360.4731, 2064.810518, 0.000176, 43438.3721225926, 7.64744636296296
271, 7819308.076096, 2072.771863, 0.000265, 28853.5353361476, 7.6486046605166
272, 3910149.013979, 2067.001661, 0.000529, 14375.547845511, 7.5992708125
273, 3909403.632572, 2099.986236, 0.000537, 14320.1598262711, 7.69225727472528
274, 2952.588592, 2102.392882, 0.712051, 10.7758707737226, 7.67296672262774
275, 3911485.36617, 2106.864612, 0.000539, 14223.5831497091, 7.66132586181818
276, 7820168.457626, 2088.438685, 0.000267, 28333.9436870507, 7.56680682971015
277, 11728855.161518, 2112.195815, 0.00018, 42342.4374062022, 7.62525564981949
278, 11728203.609464, 2118.154425, 0.000181, 42187.7827678561, 7.61926052158273
279, 7819309.59979, 2123.490304, 0.000272, 28026.1992824014, 7.61107635842294
280, 3910295.312569, 2122.884307, 0.000543, 13965.3404020321, 7.58172966785714
281, 3909688.516439, 2125.633511, 0.000544, 13913.4822649075, 7.56453206761566
282, 2995.926224, 2141.266931, 0.714726, 10.623851858156, 7.59314514539007
283, 3912230.733615, 2168.508479, 0.000554, 13824.1368678975, 7.66257413074205
284, 3911606.395595, 2184.137305, 0.000558, 13773.2619563204, 7.69062431338028
285, 7820571.833929, 2188.605145, 0.00028, 27440.6029260667, 7.67931629824561
286, 7820104.888258, 2205.364368, 0.000282, 27343.0240848182, 7.71106422377622
287, 11729051.684347, 2208.013947, 0.000188, 40867.7759036481, 7.69342838675958
288, 11728806.976028, 2245.447691, 0.000191, 40725.0242223194, 7.79669337152778
289, 11728330.677848, 2234.434454, 0.000191, 40582.4590928997, 7.73160710726644
290, 11728124.029611, 2252.027368, 0.000192, 40441.8069986586, 7.7656116137931
291, 7819528.855111, 2259.867482, 0.000289, 26871.2331790756, 7.76586763573883
292, 7819277.309147, 2276.009265, 0.000291, 26778.3469491336, 7.79455227739726
293, 7819016.392239, 2264.831196, 0.00029, 26686.0627721468, 7.72979930375427
294, 7818804.284928, 2274.662227, 0.000291, 26594.5723977143, 7.73694635034014
295, 3910202.48815, 2278.681689, 0.000583, 13254.9236886441, 7.72434470847458
296, 3910010.862858, 2285.072511, 0.000584, 13209.4961583041, 7.71983956418919
297, 3909863.626208, 2285.100001, 0.000584, 13164.5239939663, 7.6939393973064
298, 3909714.129033, 2285.261742, 0.000585, 13119.8460705805, 7.66866356375839
299, 3909604.750135, 2298.955063, 0.000588, 13075.6011710201, 7.68881291973244
300, 3909492.854796, 2288.620888, 0.000585, 13031.64284932, 7.62873629333333
301, 3195.467108, 2279.804856, 0.71345, 10.6161697940199, 7.57410251162791
302, 3227.869625, 2305.617539, 0.714285, 10.6883100165563, 7.63449516225166
303, 3233.268934, 2307.93639, 0.713809, 10.6708545676568, 7.61695178217822
304, 3227.674731, 2305.539067, 0.714303, 10.6173510888158, 7.58401008881579
305, 3223.479897, 2300.735557, 0.713743, 10.568786547541, 7.54339526885246
306, 3302.303814, 2359.045525, 0.714364, 10.7918425294118, 7.70929910130719
307, 3315.798701, 2377.050397, 0.716886, 10.8006472345277, 7.74283516938111
308, 3909391.726939, 2384.36963, 0.00061, 12692.8302822695, 7.74145983766234
309, 3909534.157232, 2391.927923, 0.000612, 12652.2141010744, 7.74086706472492
310, 3909719.389706, 2407.342624, 0.000616, 12611.9980313097, 7.76562136774194
311, 3909903.781068, 2426.90211, 0.000621, 12572.0378812476, 7.80354376205788
312, 3910121.808744, 2440.032389, 0.000624, 12532.4416946923, 7.82061663141026
313, 7818749.353074, 2441.894522, 0.000312, 24980.0298820256, 7.80157994249201
314, 7819005.257767, 2439.661249, 0.000312, 24901.2906298312, 7.76962181210191
315, 7819305.762076, 2461.598263, 0.000315, 24823.1928954794, 7.81459766031746
316, 11729022.222842, 2450.67798, 0.000209, 37117.1589330443, 7.75531006329114
317, 11728270.789666, 2474.372457, 0.000211, 36997.6996519432, 7.80559134700315
318, 11728663.236795, 2481.165094, 0.000212, 36882.5887949528, 7.80240595597484
319, 11729052.899894, 2466.087319, 0.00021, 36768.1909087586, 7.7306812507837
320, 11729430.646217, 2477.9475, 0.000211, 36654.4707694281, 7.7435859375
321, 7820499.568553, 2487.776029, 0.000318, 24362.927004838, 7.75008108722741
322, 7820992.50838, 2505.369552, 0.00032, 24288.7966098758, 7.7806507826087
323, 3912120.716298, 2490.96004, 0.000637, 12111.8288430279, 7.71195058823529
324, 3912671.689296, 2486.660108, 0.000636, 12076.1471891852, 7.67487687654321
325, 3909553.215025, 2498.754133, 0.000639, 12029.3945077692, 7.68847425538462
326, 3910056.31111, 2508.554549, 0.000642, 11994.0377641411, 7.69495260429448
327, 7818982.026561, 2523.89422, 0.000323, 23911.2600200642, 7.71833094801223
328, 7819557.023515, 2536.051091, 0.000324, 23840.1128765701, 7.73186308231707
329, 11728455.805777, 2555.926729, 0.000218, 35648.8018412675, 7.76877425227964
330, 11729353.730272, 2836.737821, 0.000242, 35543.4961523394, 8.59617521515151
331, 7820830.810403, 2575.610918, 0.000329, 23627.8876447221, 7.78130186706949
332, 3912221.083283, 2593.759074, 0.000663, 11783.7984436235, 7.8125273313253
333, 3909547.685194, 2604.310651, 0.000666, 11740.383439021, 7.82075270570571
334, 7818749.353074, 2606.804403, 0.000333, 23409.4292008204, 7.80480360179641
335, 7819558.411098, 2608.520305, 0.000334, 23341.9654062627, 7.7866277761194
336, 11728677.263543, 2632.126899, 0.000224, 34906.7775700685, 7.83371100892857
337, 11729601.690298, 2659.649539, 0.000227, 34805.939733822, 7.8921351305638
338, 7821141.217628, 2657.33997, 0.00034, 23139.471058071, 7.8619525739645
339, 3912736.115097, 2674.459372, 0.000684, 11541.9944398142, 7.88926068436578
340, 3910243.935184, 2642.031723, 0.000676, 11500.7174564235, 7.77068153823529
341, 7819595.049068, 2654.928904, 0.00034, 22931.3637802581, 7.78571526099707
342, 11728857.128271, 2677.257743, 0.000228, 34294.9038838333, 7.82823901461988
343, 7820506.929001, 2680.573042, 0.000343, 22800.3117463586, 7.81508175510204
344, 3912180.82909, 2663.615142, 0.000681, 11372.6186892151, 7.74306727325581
345, 3909815.454497, 2692.089944, 0.000689, 11332.7984188319, 7.80315925797101
346, 7819316.246717, 2694.205149, 0.000345, 22599.1799038064, 7.78672008381503
347, 11728681.043495, 2684.997908, 0.000229, 33800.2335547406, 7.73774613256484
348, 7820554.355984, 2699.898057, 0.000345, 22472.8573447816, 7.75832775
349, 3912227.051139, 2727.485145, 0.000697, 11209.8196307708, 7.81514368194842
350, 3909979.354633, 2739.254871, 0.000701, 11171.3695846657, 7.82644248857143
351, 7819591.87877, 2759.029567, 0.000353, 22278.0395406553, 7.8604830968661
352, 11729127.978423, 2782.221051, 0.000237, 33321.3863023381, 7.90403707670455
353, 7821043.615678, 2793.780355, 0.000357, 22155.9309226006, 7.91439194050991
354, 7818959.346373, 2810.540202, 0.000359, 22087.4557807147, 7.93937910169492
355, 7819325.59962, 2790.095362, 0.000357, 22026.2692947042, 7.85942355492958
356, 11728966.205558, 2814.904538, 0.00024, 32946.5342852753, 7.90703521910112
357, 7821014.918486, 2826.241927, 0.000361, 21907.6048136863, 7.91664405322129
358, 3912782.402716, 2816.229465, 0.00072, 10929.5597841229, 7.86656275139665
359, 7818817.50476, 2831.364269, 0.000362, 21779.4359464067, 7.88680854874652
360, 11728232.196868, 2835.301616, 0.000242, 32578.4227690778, 7.87583782222222
361, 11729404.185134, 2839.4263, 0.000242, 32491.4243355512, 7.86544681440443
362, 7821205.329051, 2834.562994, 0.000362, 21605.5395830138, 7.83028451381215
363, 7818955.622015, 2837.932731, 0.000363, 21539.8226501791, 7.81799650413223
364, 7819184.651591, 2839.767463, 0.000363, 21481.2765153599, 7.80155896428571
365, 15638221.704662, 2843.136592, 0.000182, 42844.4430264712, 7.78941532054794
366, 11729951.744799, 2849.461264, 0.000243, 32049.0484830574, 7.78541328961749
367, 3912457.18492, 2855.390916, 0.00073, 10660.646280436, 7.78035671934605
368, 3910307.979331, 2864.115858, 0.000732, 10625.836900356, 7.78292352717391
369, 11728294.953103, 2871.258551, 0.000245, 31783.9971628808, 7.78118848509485
370, 11729626.43874, 2873.667688, 0.000245, 31701.6930776757, 7.76666942702703
371, 7821613.710037, 2892.009116, 0.00037, 21082.5167386442, 7.79517281940701
372, 3910208.864499, 2918.526176, 0.000746, 10511.314151879, 7.84550047311828
373, 11728320.381158, 2924.208243, 0.000249, 31443.2181800483, 7.83970038337802
374, 11729790.905429, 2934.282457, 0.00025, 31363.0772872433, 7.84567501871658
375, 3912569.092771, 2936.155882, 0.00075, 10433.5175807227, 7.82974901866667
376, 7818934.001298, 2961.107351, 0.000379, 20795.0372374947, 7.87528550797872
377, 11728679.286951, 2971.043988, 0.000253, 31110.5551378011, 7.88075328381963
378, 7820821.821875, 2986.661226, 0.000382, 20690.0048197751, 7.90122017460317
379, 7818921.520523, 2987.513407, 0.000382, 20630.3997902982, 7.88262112664908
380, 7819512.41046, 3015.312755, 0.000386, 20577.6642380526, 7.93503356578947
381, 11729396.400319, 3026.009486, 0.000258, 30785.8173236719, 7.94228211548556
382, 7821647.996181, 3023.510804, 0.000387, 20475.5183146099, 7.9149497486911
383, 7818884.995187, 3025.877984, 0.000387, 20414.84332947, 7.90046471018277
384, 11728806.328185, 3030.878505, 0.000258, 30543.7664796484, 7.8929127734375
385, 7821102.007951, 3039.358656, 0.000389, 20314.5506700026, 7.89443806753247
386, 3909984.296427, 3043.894752, 0.000778, 10129.4929959249, 7.88573769948187
387, 11728367.103011, 3053.782298, 0.00026, 30305.8581473152, 7.89091033074935
388, 11730185.15435, 3064.136526, 0.000261, 30232.4359648196, 7.89725908762887
389, 7819046.154772, 3054.438954, 0.000391, 20100.3757192082, 7.85202815938303
390, 11728124.029611, 3066.209538, 0.000261, 30072.1128964385, 7.86207573846154
391, 11729901.295893, 3077.004676, 0.000262, 29999.7475598286, 7.86957717647059
392, 7818909.281752, 3079.365791, 0.000394, 19946.1971473265, 7.85552497704082
393, 11728124.029611, 3091.364219, 0.000264, 29842.5547827252, 7.86606671501272
394, 11729901.861673, 3118.150855, 0.000266, 29771.3245220127, 7.914088464467
395, 7819006.956493, 3132.166908, 0.000401, 19794.9543202354, 7.92953647594937
396, 11728237.669051, 3144.143473, 0.000268, 29616.7617905328, 7.9397562449495
397, 11730180.732708, 3159.375382, 0.000269, 29547.0547423375, 7.95812438790932
398, 7819376.292523, 3169.7042, 0.000405, 19646.6741018166, 7.96408090452261
399, 11728682.250344, 3174.620722, 0.000271, 29395.1936098847, 7.9564429122807
400, 7821330.14785, 3179.334724, 0.000406, 19553.325369625, 7.94833681
401, 7818981.48221, 3180.267677, 0.000407, 19498.7069381796, 7.9308420872818
402, 11729371.435434, 3211.772227, 0.000274, 29177.5408841642, 7.98948315174129
403, 3912823.137387, 3213.991387, 0.000821, 9709.23855431017, 7.97516473200993
404, 11728187.896862, 3222.546505, 0.000275, 29030.1680615396, 7.97660025990099
405, 11730339.938573, 3228.632922, 0.000275, 28963.8023174642, 7.97193314074074
406, 7818760.128546, 3226.029524, 0.000413, 19258.029873266, 7.9458855270936
407, 11729197.196407, 3221.725217, 0.000275, 28818.6663302383, 7.91578677395577
408, 7822058.437987, 3230.658055, 0.000413, 19171.7118578113, 7.91827954656863
409, 11728159.29035, 3237.319733, 0.000276, 28675.2060888753, 7.91520717114914
410, 11730396.924012, 3242.113095, 0.000276, 28610.7242049073, 7.90759291463415
411, 7818938.998981, 3265.611827, 0.000418, 19024.1824792725, 7.94552755961071
412, 11729539.087158, 3272.936722, 0.000279, 28469.7550659175, 7.94402116990291
413, 7819065.308483, 3255.810468, 0.000416, 18932.3615217506, 7.88331832445521
414, 11728698.363574, 3276.2808, 0.000279, 28330.1892839952, 7.91372173913043
415, 7821686.471602, 3290.256772, 0.000421, 18847.4372809687, 7.92832957108434
416, 7819669.757798, 3291.686877, 0.000421, 18797.2830716298, 7.91270883894231
417, 11730397.380609, 3331.788527, 0.000284, 28130.4493539784, 7.98990054436451
418, 7819154.239151, 3346.711046, 0.000428, 18706.1106199785, 8.00648575598086
419, 11729965.983445, 3362.514736, 0.000287, 27995.1455452148, 8.0250948353222
420, 11728149.344072, 3374.916394, 0.000288, 27924.1651049333, 8.03551522380952
421, 11729618.474417, 3382.360194, 0.000288, 27861.3265425582, 8.03410972446556
422, 7819428.468053, 3382.057672, 0.000433, 18529.4513460972, 8.01435467298578