NumberOfGuassSeidelKernels, AverageCyclesPerExecutionOfAllKernels
1, 9.744221
2, 5.846242
3, 6.397613
4, 214743.757687
5, 9.220019
6, 14.990932
7, 23.366549
8, 29.035608
9, 34.883668
10, 39.835841
11, 858948.893833
12, 48.696938
13, 52.756139
14, 56.956843
15, 61.177969
16, 65.642380
17, 69.520381
18, 73.782059
19, 78.250819
20, 82.919514
21, 87.280573
22, 92.207586
23, 100.763365
24, 101.392315
25, 105.957018
26, 3435862.887476
27, 3435943.932405
28, 121.826098
29, 127.466005
30, 3435841.189388
31, 138.558930
32, 143.281094
33, 148.727368
34, 154.810746
35, 159.210780
36, 164.864441
37, 169.750364
38, 176.240346
39, 180.234248
40, 195.616273
41, 200.786681
42, 207.325111
43, 6871734.826814
44, 219.484500
45, 227.005180
46, 232.288125
47, 239.681217
48, 245.474313
49, 253.433542
50, 259.439535
51, 267.535198
52, 273.814697
53, 277.790487
54, 286.567915
55, 292.812729
56, 298.268210
57, 306.735048
58, 313.024318
59, 6871966.922048
60, 319.966213
61, 325.435161
62, 339.351267
63, 347.653248
64, 354.070979
65, 357.939193
66, 358.154556
67, 365.701972
68, 378.986064
69, 13743530.278940
70, 384.582636
71, 400.760320
72, 13743663.877645
73, 404.478918
74, 408.464739
75, 13743480.449796
76, 419.810612
77, 427.699507
78, 434.442229
79, 440.864418
80, 445.282663
81, 453.036007
82, 459.390411
83, 465.893428
84, 470.813586
85, 472.480392
86, 13743694.789415
87, 490.884056
88, 13743396.832000
89, 492.961790
90, 511.639817
91, 511.050778
92, 512.912213
93, 528.616104
94, 528.275081
95, 13743849.629887
96, 540.156471
97, 13743730.910165
98, 553.779715
99, 558.426668
100, 564.633774
101, 569.887040
102, 576.922904
103, 580.720559
104, 587.382332
105, 591.695163
106, 602.246373
107, 608.346330
108, 612.049479
109, 614.503692
110, 626.693098
111, 636.534218
112, 642.506829
113, 644.035419
114, 649.306783
115, 648.748354
116, 664.653675
117, 663.048794
118, 669.343679
119, 675.482394
120, 683.913501
121, 702.671241
122, 697.240350
123, 706.223170
124, 705.499724
125, 728.670903
126, 721.779051
127, 731.890283
128, 734.394049
129, 13743294.214663
130, 764.421500
131, 751.416086
132, 27487230.275467
133, 770.144115
134, 778.244297
135, 779.484234
136, 790.140633
137, 791.066720
138, 792.988463
139, 814.385713
140, 819.387172
141, 817.978312
142, 821.004312
143, 27487084.329731
144, 849.763446
145, 845.516420
146, 851.018161
147, 869.686078
148, 875.075172
149, 872.376277
150, 894.321958
151, 886.630330
152, 909.215611
153, 910.866680
154, 906.776244
155, 925.494630
156, 921.490224
157, 938.262480
158, 941.060656
159, 947.986934
160, 963.577252
161, 962.073013
162, 969.852364
163, 980.785683
164, 987.171398
165, 990.025461
166, 1013.300133
167, 1013.351980
168, 1025.758460
169, 1040.603150
170, 1047.727539
171, 1044.852012
172, 1061.265657
173, 1077.746502
174, 1074.020248
175, 1093.167477
176, 1098.922542
177, 1109.953139
178, 1113.530515
179, 1124.233130
180, 1130.218852
181, 1138.134967
182, 1162.320414
183, 1172.047372
184, 1165.897983
185, 1186.085264
186, 27487404.545437
187, 1203.032330
188, 1210.180850
189, 1220.597956
190, 1229.845026
191, 1255.171705
192, 1259.198798
193, 1268.073104
194, 1286.244418
195, 1290.148902
196, 27486482.931640
197, 1300.056942
198, 1330.023884
199, 1342.638433
200, 1348.405238
201, 1364.012325
202, 1373.434692
203, 1381.303871
204, 27486400.785163
205, 1410.384169
206, 1428.987577
207, 1437.422728
208, 1446.678156
209, 1454.023418
210, 1467.532320
211, 1485.683239
212, 1496.346368
213, 1510.950084
214, 1520.143398
215, 1539.849027
216, 1546.629801
217, 1562.505784
218, 1571.445016
219, 1601.909331
220, 54974130.301044
221, 1623.995350
222, 54975437.100949
223, 1611.624274
224, 1636.238808
225, 1696.059005
226, 1673.825540
227, 1732.083746
228, 1747.752409
229, 54975300.325877
230, 1745.340754
231, 1761.928268
232, 1778.222620
233, 1798.885438
234, 1819.939773
235, 1840.175520
236, 1873.220160
237, 1881.346630
238, 1914.220806
239, 1935.366203
240, 1955.539341
241, 1979.187871
242, 2003.291469
243, 2028.129616
244, 2092.694390
245, 54975237.311020
246, 2086.970302
247, 2163.906584
248, 2188.728330
249, 2166.666333
250, 2230.050259
251, 2251.398318
252, 2281.928624
253, 2300.243763
254, 2329.332722
255, 2326.256731
256, 2374.474101
257, 2394.420425
258, 2426.923179
259, 54975239.997953
260, 54973125.767569
261, 2480.753694
262, 2512.711258
263, 2536.953920
264, 2569.104529
265, 2582.351669
266, 2606.549311
267, 2627.460484
268, 2661.920844
269, 2692.825948
270, 2716.452313
271, 2734.342911
272, 2763.087665
273, 2789.945250
274, 2806.813629
275, 2829.296811
276, 2849.671836
277, 2903.253187
278, 2930.734530
279, 2987.905192
280, 2943.412083
281, 2951.752666
282, 2971.148091
283, 2992.645771
284, 3019.108250
285, 3099.096445
286, 109948067.626119
287, 3144.957633
288, 3158.674984
289, 3195.657625
290, 3225.035753
291, 3234.264685
292, 3194.405556
293, 3277.754338
294, 3300.626904
295, 3331.180668
296, 3355.426405
297, 3374.283090
298, 3375.852852
299, 3417.697805
300, 3466.968346
301, 3503.694003
302, 3511.801380
303, 3541.492622
304, 3568.777177
305, 3509.496170
306, 3619.869259
307, 3586.997480
308, 109948531.594336
309, 3654.977652
310, 3701.932141
311, 3723.518568
312, 3774.064121
313, 3817.040320
314, 3844.109638
315, 3910.981117
316, 3947.300212
317, 3984.484013
318, 3963.980905
319, 3973.159030
320, 4062.167345
321, 4082.658066
322, 109950002.964102
323, 4142.464788
324, 4188.658316
325, 4217.694120
326, 4168.396401
327, 4232.018386
328, 4338.081585
329, 4308.286152
330, 4378.717359
331, 4417.446991
332, 4475.935453
333, 4572.580751
334, 4654.968049
335, 4727.723589
336, 109950274.691101
337, 109946447.025509
338, 4820.229702
339, 4857.521912
340, 4894.391126
341, 4919.055808
342, 109950084.821753
343, 109949057.640384
344, 5051.409434
345, 5090.392391
346, 5155.043755
347, 5194.326468
348, 5228.288933
349, 5260.903920
350, 5345.399020
351, 5338.108457
352, 5425.435588
353, 109945753.743560
354, 5523.991186
355, 5536.276612
356, 5577.033353
357, 5651.770953
358, 5687.536201
359, 5723.572484
360, 5770.061663
361, 5853.233550
362, 5888.694039
363, 5908.269075
364, 219902410.295270
365, 219898287.688220
366, 6036.262948
367, 6061.535856
368, 6129.828056
369, 6153.978814
370, 219897634.765902
371, 219896187.942217
372, 6296.010345
373, 6317.309781
374, 6450.789148
375, 6453.910759
376, 6526.703764
377, 6529.468139
378, 6558.066069
379, 6591.831548
380, 6650.203370
381, 6752.023195
382, 6717.306814
383, 6807.199034
384, 6771.710683
385, 6817.299717
386, 219896155.466748
387, 219895534.846291
388, 6983.433300
389, 7024.039600
390, 7062.402291
391, 7124.854728
392, 7154.507764
393, 7179.188364
394, 7177.587655
395, 7289.298848
396, 7301.975652
397, 7352.382966
398, 7364.478433
399, 7401.355700
400, 7451.304684
401, 7489.047709
402, 219901603.868653
403, 219898469.725333
404, 7608.815350
405, 7662.123241
406, 7682.250370
407, 219897196.520870
408, 219897458.871758
409, 7799.027444
410, 7795.542703
411, 7864.832897
412, 219900009.177327
413, 219900109.738767
414, 8009.271472
415, 7982.574694
416, 8021.689138
417, 8062.337959
418, 8088.972711
419, 8206.687106
420, 8206.115611
421, 8228.305125
422, 8266.169759
423, 8341.227720
424, 8333.674347
425, 8422.410333
426, 8396.831672
427, 219893985.518656
428, 219893898.829959
429, 8484.205027
430, 8482.758289
431, 8496.316848
432, 8604.726906
433, 8628.488858
434, 8644.049572
435, 8686.731631
436, 8730.358731
437, 219893768.622241
438, 8760.338131
439, 8825.565053
440, 8857.364670
441, 8906.090203
442, 8903.140203
443, 8891.337497
444, 9000.575819
445, 9049.641845
446, 9035.635797
447, 9108.377113
448, 9152.944094
449, 219899763.769759
450, 9167.145636
451, 9234.284809
452, 9291.947559
453, 9213.883414
454, 219900399.154911
455, 9356.759081
456, 9351.943486
457, 9375.333456
458, 9403.719316
459, 9463.990206
460, 9494.383669
461, 9514.768292
462, 9555.891839
463, 9614.615803
464, 9629.243789
465, 9633.935381
466, 9635.924864
467, 9723.746842
468, 9660.890255
469, 9781.019998
470, 9854.836930
471, 9775.787611
472, 9869.997170
473, 9928.993623
474, 9956.889866
475, 9935.850416
476, 9907.773122
477, 10014.530453
478, 10033.141969
479, 10061.663083
480, 10126.966769
481, 219892393.635877
482, 10126.211242
483, 10083.786898
484, 10211.646653
485, 10291.274723
486, 10317.849136
487, 10275.631788
488, 10286.528542
489, 10282.011109
490, 10270.476272
491, 10379.623031
492, 10406.421534
493, 10371.511100
494, 10490.864380
495, 10453.566478
496, 10456.695516
497, 10438.001008
498, 10434.831411
499, 10538.746614
500, 219891841.978531
501, 10617.908023
502, 10608.055489
503, 219900395.938391
504, 10631.003278
505, 10729.081423
506, 10780.974192
507, 10747.179195
508, 10775.301278
509, 10826.342367
510, 10788.374238
511, 10842.695331
512, 10902.865523
513, 10882.302877
514, 10993.943792
515, 10926.575617
516, 219893292.461109
517, 11048.899323
518, 11086.521461
519, 11153.863363
520, 11092.952248
521, 11201.132017
522, 11141.861364
523, 11212.805088
524, 11228.696211
525, 11217.604383
526, 219900579.146386
527, 11297.804786
528, 11277.916313
529, 11290.737370
530, 11405.486744
531, 11364.671077
532, 11456.085647
533, 219890986.551625
534, 11641.463288
535, 11457.231128
536, 11542.276283
537, 11490.283730
538, 11566.233139
539, 11558.063006
540, 219890879.720513
541, 11593.544886
542, 219900620.879941
543, 11757.065900
544, 11736.686925
545, 11715.644477
546, 11891.114319
547, 11810.776202
548, 11869.962916
549, 439794324.936128
550, 11881.809563
551, 11992.214169
552, 12008.024606
553, 439798085.217428
554, 12069.232844
555, 12062.509694
556, 12138.887525
557, 12091.167041
558, 12145.488722
559, 439792749.077713
560, 12280.324591
561, 12291.262628
562, 12282.969094
563, 439799881.112213
564, 12540.406028
565, 439792803.673072
566, 12357.219484
567, 12428.318756
568, 12543.775753
569, 12526.046244
570, 12499.524050
571, 12573.591306
572, 439792389.766069
573, 12657.773056
574, 12725.491600
575, 12693.583094
576, 12751.935503
577, 12719.138988
578, 12862.694731
579, 12823.819584
580, 12764.541603
581, 12881.385653
582, 12855.798834
583, 12885.329409
584, 439799703.079950
585, 12990.205222
586, 13094.357278
587, 13030.784178
588, 13016.685638
589, 13169.337237
590, 13029.828669
591, 13174.397563
592, 13251.358369
593, 13244.591784
594, 13164.394713
595, 13218.700238
596, 13229.460716
597, 13404.388369
598, 13236.037956
599, 439793324.768466
600, 13432.949438
601, 13318.915972
602, 13492.983503
603, 13410.822388
604, 13558.058400
605, 13496.476153
606, 13578.968544
607, 13518.767559
608, 13576.356338
609, 13666.546163
610, 13633.083678
611, 439793953.084988
612, 13765.651281
613, 13760.452206
614, 13652.407178
615, 13697.438209
616, 13842.337941
617, 13720.204609
618, 13784.185566
619, 13835.775028
620, 13831.657147
621, 13927.559297
622, 14070.869747
623, 14040.948431
624, 13943.350269
625, 14139.650484
626, 13932.150659
627, 13977.468550
628, 14046.966616
629, 14173.436291
630, 14187.287947
631, 14100.474644
632, 14099.047419
633, 439796594.834653
634, 14292.884234
635, 14237.774856
636, 14172.447972
637, 14203.993169
638, 14298.639281
639, 14275.913531
640, 14423.698066
641, 439795691.926869
642, 14405.342663
643, 14350.239381
644, 14489.324263
645, 14466.202634
646, 14403.210866
647, 14551.327309
648, 14596.931309
649, 14627.659631
650, 14516.210853
651, 14614.964713
652, 14681.193278
653, 14799.251872
654, 14896.664988
655, 14705.686353
656, 14673.683497
657, 14714.897275
658, 14770.043706
659, 14766.728566
660, 14861.565838
661, 15011.851325
662, 14988.012606
663, 14846.659872
664, 14949.490591
665, 14991.087094
666, 14968.094094
667, 15023.572191
668, 15025.281834
669, 15001.064038
670, 15192.825759
671, 15016.990666
672, 15210.342450
673, 15111.560491
674, 15180.643922
675, 15238.285169
676, 15322.945859
677, 15228.008831
678, 15299.322675
679, 15348.678141
680, 15276.277222
681, 439789807.227878
682, 15298.050391
683, 15481.947800
684, 15512.724669
685, 15459.865913
686, 15607.946528
687, 15512.745334
688, 15555.169003
689, 15537.999338
690, 15601.864125
691, 15501.976544
692, 15600.863063
693, 15680.825297
694, 15628.185284
695, 15630.375622
696, 15770.642716
697, 15835.482541
698, 15827.584794
699, 15717.785138
700, 15805.397916
701, 15949.912025
702, 15911.176197
703, 15922.335956
704, 15970.915200
705, 15959.091138
706, 15916.927947
707, 16025.764184
708, 16003.695941
709, 16021.766081
710, 15974.936194
711, 16103.497766
712, 439788976.176853
713, 16180.058678
714, 16102.507147
715, 16210.876956
716, 439804710.881956
717, 16281.292438
718, 16295.864291
719, 16289.064741
720, 16320.685888
721, 16155.055000
722, 16221.328931
723, 16260.776500
724, 16522.174816
725, 16579.809728
726, 16397.272088
727, 16581.297562
728, 16477.133647
729, 16541.594334
730, 16475.335200
731, 16451.690513
732, 16427.189156
733, 16641.783125
734, 16709.076866
735, 16803.031713
736, 16741.193541
737, 16484.138484
738, 16685.093194
739, 439801639.225219
740, 16559.456919
741, 439794021.776688
742, 16746.705516
743, 16955.396728
744, 16996.244847
745, 16842.041525
746, 16834.452028
747, 16879.219503
748, 17002.392819
749, 16843.813678
750, 16891.157994
751, 8895.186395
752, 8873.775616
753, 8946.558545
754, 8968.827761
755, 8998.034411
756, 8955.619641
757, 9009.005547
758, 8955.356397
759, 8985.695678
760, 9028.552586
761, 9041.849025
762, 9051.173036
763, 9093.984648
764, 9092.193270
765, 9109.646683
766, 9089.686825
767, 219899438.754122
768, 9197.027000
769, 9196.596466
770, 9181.311786
771, 9242.332491
772, 9249.915819
773, 9276.910963
774, 219901463.715461
775, 9299.022473
776, 9275.495205
777, 9333.465187
778, 219893164.101581
779, 9346.295292
780, 9388.168283
781, 9367.268155
782, 9402.686806
783, 9424.016575
784, 9441.824716
785, 9475.767894
786, 9491.927886
787, 9506.903753
788, 9523.130442
789, 9545.339070
790, 9563.253263
791, 9579.783517
792, 9606.629150
793, 9630.323958
794, 9626.807252
795, 9623.861977
796, 9654.529228
797, 9739.722334
798, 9708.232778
799, 9729.103095
800, 9794.186503
801, 9794.297533
802, 9836.332039
803, 9826.340944
804, 219900376.222209
805, 9891.764683
806, 9880.158497
807, 9915.369166
808, 9921.691255
809, 9955.874369
810, 9971.459036
811, 219892495.650098
812, 10008.632909
813, 219902514.018238
814, 10054.744947
815, 10072.471852
816, 10104.141873
817, 10104.032350
818, 10138.451827
819, 10113.845514
820, 10194.237802
821, 10199.972911
822, 10230.280513
823, 219901185.428825
824, 10248.555963
825, 10232.874686
826, 219892211.585227
827, 10323.647214
828, 10349.031666
829, 10378.936550
830, 10373.361833
831, 10391.331077
832, 10422.920747
833, 10441.033894
834, 10465.115102
835, 10465.927481
836, 10502.952745
837, 10523.921877
838, 10521.490478
839, 10556.808195
840, 10563.522633
841, 10603.725806
842, 10616.129800
843, 10669.837852
844, 10655.852117
845, 10695.212244
846, 10707.220312
847, 10719.520772
848, 10723.521016
849, 10750.398694
850, 10757.643722
851, 10792.138095
852, 10811.348516
853, 219891671.227489
854, 10849.965613
855, 10862.825734
856, 219901560.533294
857, 10900.550022
858, 10927.510273
859, 10918.959880
860, 10943.563448
861, 10979.509334
862, 10992.203120
863, 11013.739180
864, 219895476.308594
865, 11033.634484
866, 11066.623755
867, 11066.819683
868, 11085.916469
869, 11148.064161
870, 11131.457083
871, 11142.863391
872, 11208.591172
873, 219891317.743200
874, 11194.666828
875, 11258.940130
876, 11279.261280
877, 11269.545853
878, 11307.358603
879, 11306.914836
880, 11330.544178
881, 11347.784770
882, 11372.937658
883, 11325.098488
884, 219891111.165312
885, 11383.468444
886, 11438.896930
887, 11435.088813
888, 11465.130959
889, 219901434.980780
890, 219891011.234631
891, 11524.737863
892, 11529.075217
893, 11538.112309
894, 11554.870328
895, 11580.153619
896, 11599.178133
897, 11611.369533
898, 219904681.922283
899, 11633.108967
900, 11655.885336
901, 11698.435984
902, 11714.692294
903, 11724.339178
904, 11737.964833
905, 11733.193772
906, 11767.082858
907, 11774.116705
908, 11792.951963
909, 11812.086336
910, 11825.538372
911, 11823.895491
912, 11830.173178
913, 11856.943581
914, 11861.193453
915, 11909.534194
916, 11898.245563
917, 11932.919625
918, 11935.422191
919, 11960.981781
920, 11983.583450
921, 11994.784225
922, 12017.953344
923, 12023.905859
924, 439795388.566566
925, 12054.922938
926, 12066.737466
927, 12091.761594
928, 12098.763375
929, 12119.716291
930, 12135.509006
931, 12148.344850
932, 12165.243581
933, 12186.842569
934, 12184.814716
935, 12195.855172
936, 12225.825809
937, 12244.184484
938, 439792803.785981
939, 12269.734422
940, 12296.324166
941, 12302.367912
942, 12315.956381
943, 12330.792588
944, 12352.438900
945, 12383.092197
946, 12369.762919
947, 439792660.935322
948, 12396.505100
949, 12442.474450
950, 12433.909834
951, 12450.739334
952, 12450.328941
953, 12486.147269
954, 12505.202653
955, 12516.293541
956, 12538.243722
957, 12540.279000
958, 12566.559294
959, 12592.695116
960, 12593.213531
961, 439800252.092847
962, 12624.776616
963, 12634.834616
964, 12647.871841
965, 12662.661028
966, 12692.438869
967, 12700.263606
968, 12716.544813
969, 12735.545134
970, 12754.992706
971, 12769.624616
972, 12776.743434
973, 12806.286825
974, 12820.108641
975, 12831.785303
976, 12845.153022
977, 12833.641288
978, 12866.608225
979, 12892.119188
980, 12915.199781
981, 12915.037794
982, 12920.288175
983, 12939.611434
984, 12945.122103
985, 12909.413222
986, 12931.867216
987, 12959.208516
988, 12964.635716
989, 439800485.981544
990, 13000.465638
991, 13019.271750
992, 13018.794256
993, 13051.582156
994, 439795286.255188
995, 13068.965069
996, 13080.759697
997, 13112.896603
998, 439791967.101119
999, 13123.917084
1000, 13149.905331
1001, 13171.224684
1002, 13166.278050
1003, 439801803.277928
1004, 13208.818919
1005, 13190.860466
1006, 13229.144638
1007, 439791826.258356
1008, 13237.609728
1009, 13281.047141
1010, 13260.663478
1011, 13282.673425
1012, 13316.751084
1013, 13311.982991
1014, 13368.371219
1015, 13346.947500
1016, 13375.566878
1017, 13386.615384
1018, 13415.401206
1019, 13423.958113
1020, 13426.943947
1021, 13454.509066
1022, 13473.215725
1023, 13477.731447
1024, 13515.111794
1025, 13503.902519
1026, 13528.492294
1027, 439801214.020025
1028, 13552.689359
1029, 13575.530038
1030, 13587.787447
1031, 13599.494319
1032, 13611.446431
1033, 13635.816909
1034, 13644.667056
1035, 13671.715944
1036, 13680.215409
1037, 13698.943681
1038, 13708.683925
1039, 13733.964291
1040, 13721.450769
1041, 439800662.848547
1042, 13775.732016
1043, 13798.840628
1044, 13797.612888
1045, 13838.354694
1046, 13848.573081
1047, 13875.114647
1048, 13874.456953
1049, 13870.260078
1050, 439799104.751044
1051, 13915.392506
1052, 13932.873750
1053, 13960.362097
1054, 13956.505259
1055, 13967.016100
1056, 13992.294816
1057, 14012.213722
1058, 14028.795434
1059, 14041.273619
1060, 14090.655606
1061, 14070.948347
1062, 14083.116172
1063, 14088.580403
1064, 14114.586328
1065, 14143.556478
1066, 14142.576606
1067, 14171.142216
1068, 14189.862541
1069, 14204.227122
1070, 14199.436294
1071, 14225.422209
1072, 14235.391075
1073, 14257.056313
1074, 14274.664350
1075, 14292.351472
1076, 14318.862906
1077, 14321.939891
1078, 14325.464394
1079, 14349.712956
1080, 14357.955222
1081, 14380.506659
1082, 14377.482769
1083, 14419.204969
1084, 14434.159453
1085, 14459.722547
1086, 14442.111928
1087, 14469.154491
1088, 14495.044469
1089, 14515.701625
1090, 14534.469347
1091, 14541.355178
1092, 14572.601988
1093, 14580.428325
1094, 14589.714844
1095, 14591.924850
1096, 14615.065069
1097, 14649.318034
1098, 14655.917928
1099, 14664.358938
1100, 14693.091613
1101, 14703.103872
1102, 14715.225603
1103, 14730.748241
1104, 14762.537609
1105, 14799.442144
1106, 14808.020363
1107, 14788.822775
1108, 14823.396422
1109, 14834.052316
1110, 14834.314422
1111, 14837.787625
1112, 14870.984475
1113, 14881.957534
1114, 439790242.148413
1115, 14921.929047
1116, 14919.613356
1117, 14961.597984
1118, 14970.557897
1119, 14986.770850
1120, 15003.520956
1121, 15007.629334
1122, 15011.872938
1123, 15061.975278
1124, 15051.922625
1125, 15069.397641
1126, 15088.594341
1127, 15083.208688
1128, 15130.945397
1129, 15135.261438
1130, 439789973.010672
1131, 15168.235931
1132, 15207.742416
1133, 15218.621959
1134, 439789913.885613
1135, 15226.956338
1136, 15270.910806
1137, 15275.111613
1138, 15296.522734
1139, 15315.439703
1140, 439796266.217847
1141, 15345.698997
1142, 15337.523559
1143, 15380.171747
1144, 15368.859891
1145, 15403.106228
1146, 15404.003609
1147, 15405.451244
1148, 15419.734534
1149, 15462.129488
1150, 15464.129125
1151, 15503.993556
1152, 15503.360006
1153, 15509.016644
1154, 15527.377063
1155, 15531.523569
1156, 439796278.068303
1157, 15576.260219
1158, 15584.995659
1159, 15584.904663
1160, 15629.685003
1161, 15630.767069
1162, 15639.061225
1163, 15668.569981
1164, 15666.154144
1165, 15703.950950
1166, 15742.896609
1167, 15736.763847
1168, 439791123.508591
1169, 15774.526319
1170, 15772.376722
1171, 15795.588056
1172, 15817.043525
1173, 15839.337556
1174, 15837.605025
1175, 15866.794734
1176, 15871.328491
1177, 15870.477663
1178, 15915.744491
1179, 15918.460378
1180, 15962.725347
1181, 15957.660641
1182, 15961.864569
1183, 15983.253991
1184, 439797794.291253
1185, 15987.045019
1186, 16028.452091
1187, 439796879.840059
1188, 16059.101678
1189, 16085.949672
1190, 16112.360712
1191, 16108.031488
1192, 16135.747866
1193, 16142.137959
1194, 16138.460819
1195, 16188.961653
1196, 16168.358622
1197, 16162.998841
1198, 16208.529378
1199, 439797435.539959
1200, 16211.844563
1201, 16243.702563
1202, 439798189.453788
1203, 16278.145153
1204, 16284.903025
1205, 16315.738194
1206, 16355.925691
1207, 16375.328841
1208, 16366.994381
1209, 16383.067391
1210, 16410.460928
1211, 16460.731934
1212, 16417.155016
1213, 16437.627319
1214, 16461.673275
1215, 16484.547241
1216, 439792246.039463
1217, 16530.471128
1218, 16526.082241
1219, 16535.926719
1220, 439797780.716181
1221, 16569.336919
1222, 16580.981069
1223, 16605.838725
1224, 16601.226297
1225, 16621.244950
1226, 16655.162147
1227, 16649.217963
1228, 439798454.189197
1229, 16694.440472
1230, 16706.974734
1231, 16723.088494
1232, 16734.969525
1233, 16750.750438
1234, 16764.460559
1235, 16772.871656
1236, 16820.122003
1237, 439788355.051972
1238, 16816.000819
1239, 16847.895275
1240, 16869.640791
1241, 16915.564697
1242, 439788304.025403
1243, 16958.227753
1244, 16921.954444
1245, 16961.564966
1246, 16962.399566
1247, 16945.378484
1248, 16982.454122
1249, 17015.140922
1250, 17043.342863
1251, 17030.062631
1252, 17058.804888
1253, 17066.928734
1254, 17128.005772
1255, 17098.920009
1256, 17072.828381
1257, 17116.133994
1258, 17154.775284
1259, 17160.515253
1260, 17174.460584
1261, 17190.555700
1262, 17216.799372
1263, 17229.427203
1264, 17257.189853
1265, 17239.146869
1266, 17314.940322
1267, 17284.027581
1268, 17330.499531
1269, 17304.086281
1270, 17323.992450
1271, 17370.018991
1272, 17377.521209
1273, 17447.251678
1274, 17414.440806
1275, 17448.878572
1276, 17466.992847
1277, 17484.922894
1278, 17507.014497
1279, 17517.220200
1280, 17516.983544
1281, 17538.959106
1282, 439794431.063750
1283, 439796190.927159
1284, 17628.893731
1285, 17607.688988
1286, 17626.265100
1287, 17656.614619
1288, 17642.135228
1289, 17674.846947
