#OfArrays, AverageCyclesAllArraysMeasured, AverageCyclesAllArraysCalculated, Calculated/Measured 
1, 9.292848, 9.337518, 1.004807
2, 10.878620, 10.920451, 1.003845
3, 11.499941, 11.542966, 1.003741
4, 11.896272, 11.941095, 1.003768
5, 12.647002, 12.696779, 1.003936
6, 13.118362, 13.169712, 1.003914
7, 13.396710, 13.446381, 1.003708
8, 13.614449, 13.665005, 1.003713
9, 14.023695, 14.075666, 1.003706
10, 15.305098, 15.362662, 1.003761
11, 16.279623, 16.340502, 1.003740
12, 17.056967, 17.121367, 1.003776
13, 18.113770, 18.182468, 1.003793
14, 18.843644, 18.915952, 1.003837
15, 671069.307540, 20.066260, 0.000030
16, 20.855324, 20.935764, 1.003857
17, 22.708312, 22.795154, 1.003824
18, 24.549324, 24.649386, 1.004076
19, 26.010230, 26.111558, 1.003896
20, 28.521913, 28.632802, 1.003888
